1 12 1 0
2 11 2 0
12 14 5 7
7 6 3 4
16 9 12 4
5 19 4 1
6 6 8 -2
10 11 9 1
13 17 11 2
24 6 18 6
4 20 6 -2
20 7 15 5
21 5 17 4
3 16 7 -4
0 1 49 0
22 23 19 3
11 24 14 -3
19 7 13 6
14 21 16 -2
17 35 20 -3
26 10 23 3
8 2 10 -2
32 12 24 8
30 14 28 2
25 11 25 0
27 25 29 -2
31 7 30 1
41 15 34 7
34 31 32 2
15 23 27 -12
33 47 31 2
23 28 26 -3
66 8 42 24
28 11 33 -5
9 2 21 -12
37 28 35 2
78 8 74 4
42 7 36 6
55 5 45 10
46 19 37 9
43 17 38 5
67 8 51 16
44 25 41 3
58 15 50 8
53 21 46 7
57 8 52 5
52 11 44 8
39 22 39 0
56 15 47 9
98 2 65 33
74 10 62 12
65 5 59 6
71 17 54 17
68 7 55 13
69 10 60 9
79 6 57 22
29 2 43 -14
63 16 58 5
86 7 64 22
92 5 72 20
0 8 87 0
87 10 69 18
18 2 40 -22
72 12 63 9
0 1 61 0
77 18 67 10
80 16 70 10
83 14 71 12
0 6 88 0
85 5 73 12
38 2 48 -10
91 5 77 14
93 13 81 12
90 13 80 10
35 2 53 -18
84 3 75 9
0 1 22 0
81 14 78 3
95 6 90 5
36 2 56 -20
0 4 92 0
100 17 91 9
0 3 95 0
0 2 96 0
0 10 100 0
1 11 1 0
2 10 2 0
8 5 7 1
5 18 5 0
10 13 12 -2
3 19 4 -1
4 15 3 1
6 5 6 0
9 10 10 -1
0 1 8 0
12 16 13 -1
18 8 16 2
15 6 19 -4
7 23 11 -4
17 6 20 -3
11 20 14 -3
27 4 21 6
19 5 24 -5
21 22 22 -1
13 34 17 -4
0 1 9 0
24 9 26 -2
35 11 32 3
26 10 25 1
20 27 23 -3
31 22 15 16
32 13 30 2
22 24 27 -5
16 6 31 -15
28 46 33 -5
25 30 34 -9
23 10 28 -5
33 14 41 -8
30 27 37 -7
34 6 42 -8
38 18 46 -8
37 16 43 -6
29 21 39 -10
0 1 18 0
36 24 44 -8
65 7 66 -1
0 1 29 0
53 10 52 1
48 4 55 -7
43 20 53 -10
44 14 56 -12
0 1 38 0
51 14 58 -7
68 7 67 1
42 7 57 -15
0 1 35 0
56 16 71 -15
66 6 68 -2
0 1 36 0
69 5 79 -10
46 15 63 -17
39 4 65 -26
64 9 69 -5
70 9 74 -4
52 11 72 -20
67 6 86 -19
0 1 98 0
58 17 77 -19
0 1 45 0
80 9 87 -7
57 15 80 -23
73 13 83 -10
81 4 92 -11
59 4 85 -26
87 7 78 9
14 2 84 -70
0 1 40 0
79 4 91 -12
54 13 81 -27
0 1 48 0
75 12 90 -15
84 12 93 -9
0 1 50 0
0 1 49 0
0 1 51 0
0 1 62 0
0 1 60 0
0 1 54 0
74 5 95 -21
76 16 100 -24
63 3 89 -26
55 6 75 -20
0 1 82 0
77 18 99 -22
0 1 61 0
1 10 1 0
3 9 2 1
4 14 4 0
2 18 3 -1
12 17 5 7
6 4 6 0
11 4 8 3
7 9 9 -2
5 22 7 -2
14 12 10 4
9 15 12 -3
8 19 11 -3
23 21 31 -8
17 7 18 -1
10 33 13 -3
13 5 15 -2
18 5 17 1
34 3 27 7
28 21 21 7
15 26 20 -5
32 4 19 13
30 9 26 4
27 8 24 3
16 23 22 -6
25 9 23 2
33 12 32 1
20 5 16 4
38 10 35 3
24 45 28 -4
21 29 25 -4
26 26 30 -4
22 20 29 -7
36 13 33 3
48 5 34 14
42 15 37 5
31 23 36 -5
29 17 38 -9
40 32 41 -1
56 9 53 3
43 19 43 0
52 3 48 4
51 13 44 7
41 6 42 -1
54 13 51 3
57 19 50 7
60 14 46 14
19 3 39 -20
61 6 65 -4
80 6 68 12
73 5 66 7
65 8 64 1
69 15 56 13
39 10 52 -13
46 14 47 -1
70 8 70 0
63 5 55 8
68 16 58 10
92 6 87 5
79 4 69 10
64 14 57 7
58 12 54 4
71 12 73 -2
0 1 14 0
66 3 59 7
62 5 67 -5
85 8 80 5
53 2 63 -10
78 11 75 3
86 3 79 7
95 3 81 14
87 11 84 3
37 2 60 -23
77 4 74 3
88 14 83 5
76 17 77 -1
89 15 76 13
1 9 1 0
4 8 3 1
2 17 2 0
3 13 4 -1
11 16 12 -1
8 3 6 2
6 21 5 1
5 3 11 -6
7 8 7 0
14 11 14 0
9 18 8 1
24 14 9 15
10 32 10 0
12 4 13 -1
32 4 20 12
22 4 18 4
20 6 17 3
46 3 32 14
17 25 15 2
26 20 28 -2
18 22 16 2
21 8 25 -4
27 7 27 0
19 28 21 -2
31 8 30 1
28 2 34 -6
13 44 24 -11
15 19 22 -7
23 25 26 -3
16 20 23 -7
35 11 33 2
40 12 36 4
60 4 48 12
51 9 38 13
25 22 31 -6
44 14 42 2
30 16 29 1
100 2 19 81
29 26 35 -6
36 31 40 -4
59 5 41 18
41 18 43 -2
47 12 51 -4
43 38 44 -1
53 13 60 -7
56 13 46 10
34 2 52 -18
38 27 47 -9
57 18 57 0
49 12 54 -5
75 9 39 36
52 8 56 -4
55 11 58 -3
58 4 63 -5
83 14 69 14
54 13 64 -10
62 15 68 -6
37 2 66 -29
0 1 37 0
42 19 55 -13
0 1 53 0
68 7 65 3
66 5 61 5
74 4 73 1
61 4 62 -1
85 5 80 5
82 3 79 3
70 7 70 0
65 11 71 -6
64 3 77 -13
71 10 78 -7
80 14 89 -9
67 16 76 -9
89 2 86 3
84 7 85 -1
96 2 95 1
50 10 67 -17
79 13 88 -9
81 10 87 -6
0 1 49 0
63 10 82 -19
93 5 92 1
69 10 74 -5
86 18 94 -8
97 4 98 -1
0 1 59 0
48 2 81 -33
90 17 97 -7
1 8 1 0
2 16 2 0
4 7 4 0
3 12 3 0
7 20 6 1
27 2 8 19
6 7 7 -1
9 17 9 0
21 13 24 -3
5 31 10 -5
56 2 5 51
11 15 11 0
8 3 12 -4
20 10 14 6
18 24 17 1
15 21 18 -3
22 5 20 2
12 3 22 -10
0 1 100 0
23 3 32 -9
14 27 19 -5
10 18 15 -5
13 19 16 -3
29 43 13 16
25 7 21 4
17 24 23 -6
33 6 27 6
28 19 26 2
30 15 30 0
32 7 31 1
19 21 25 -6
49 2 46 3
36 10 35 1
0 1 28 0
16 25 29 -13
35 11 40 -5
51 8 51 0
66 8 75 -9
31 30 36 -5
65 4 59 6
42 13 44 -2
37 17 41 -4
38 37 43 -5
26 21 33 -7
53 12 56 -3
24 26 38 -14
68 3 60 8
34 27 39 -5
45 11 47 -2
0 1 34 0
50 11 49 1
39 18 42 -3
59 7 52 7
62 17 57 5
58 10 55 3
0 12 53 0
70 4 66 4
57 3 61 -4
78 3 58 20
55 12 54 1
76 6 68 8
0 1 37 0
43 9 50 -7
60 14 62 -2
0 13 83 0
73 6 70 3
63 10 65 -2
82 3 74 8
71 9 69 2
64 15 67 -3
46 2 64 -18
72 9 71 1
52 2 82 -30
92 4 85 7
0 1 48 0
61 9 63 -2
87 6 84 3
0 1 89 0
81 9 81 0
74 12 79 -5
94 13 80 14
67 17 76 -9
86 4 93 -7
90 17 86 4
0 1 96 0
80 16 90 -10
100 3 97 3
75 18 87 -12
79 16 91 -12
1 7 1 0
3 15 2 1
2 11 3 -1
7 6 4 3
0 1 56 0
8 19 7 1
11 6 6 5
0 1 27 0
10 16 9 1
5 30 5 0
9 14 11 -2
4 2 8 -4
25 42 29 -4
20 9 20 0
6 17 10 -4
12 18 13 -1
19 23 18 1
13 20 15 -2
15 26 14 1
27 4 22 5
30 6 25 5
93 2 12 81
14 23 17 -3
22 12 21 1
17 20 19 -2
23 18 28 -5
34 5 33 1
16 24 16 0
18 14 30 -12
29 6 32 -3
42 2 23 19
26 20 26 0
33 9 36 -3
28 29 31 -3
21 25 24 -3
24 26 34 -10
57 10 35 22
31 16 37 -6
35 17 39 -4
32 36 38 -6
39 12 42 -3
36 38 40 -4
0 1 49 0
41 10 45 -4
49 10 50 -1
43 8 43 0
44 7 51 -7
55 6 59 -4
50 11 55 -5
56 9 58 -2
46 11 53 -7
61 16 62 -1
85 2 78 7
66 3 65 1
87 2 68 19
62 2 57 5
59 13 60 -1
47 8 61 -14
0 1 46 0
45 9 63 -18
74 3 70 4
58 14 64 -6
72 5 76 -4
67 8 71 -4
76 5 73 3
70 8 72 -2
88 2 96 -8
0 1 44 0
96 2 82 14
52 7 66 -14
60 16 67 -7
82 18 85 -3
73 11 74 -1
91 12 94 -3
80 8 81 -1
0 1 52 0
86 5 87 -1
75 3 92 -17
89 16 90 -1
64 17 75 -11
51 18 69 -18
78 15 80 -2
69 15 79 -10
53 3 86 -33
79 4 89 -10
83 6 88 -5
94 2 100 -6
92 5 95 -3
98 3 98 0
1 6 1 0
2 14 3 -1
3 10 2 1
37 5 7 30
7 29 5 2
10 5 11 -1
13 18 8 5
0 1 4 0
6 15 10 -4
5 16 6 -1
16 13 9 7
0 1 93 0
11 17 12 -1
8 25 15 -7
15 19 13 2
14 23 16 -2
12 22 14 -2
19 22 19 0
9 19 17 -8
28 8 20 8
23 11 22 1
21 3 27 -6
0 1 42 0
17 24 21 -4
31 5 30 1
24 19 26 -2
27 17 23 4
25 41 25 0
4 13 18 -14
20 28 28 -8
26 5 29 -3
41 4 34 7
18 25 24 -6
77 9 57 20
39 8 33 6
30 15 31 -1
29 35 32 -3
40 16 35 5
36 37 36 0
46 11 39 7
56 7 43 13
48 9 41 7
35 36 37 -2
33 21 38 -5
53 9 49 4
52 6 44 8
47 10 46 1
51 10 50 1
0 1 62 0
63 8 56 7
61 5 55 6
59 12 59 0
66 7 47 19
65 15 61 4
38 8 45 -7
60 13 58 2
43 2 66 -23
62 6 52 10
57 15 60 -3
0 1 87 0
45 17 51 -6
95 2 74 21
75 7 67 8
72 7 70 2
84 4 76 8
78 10 73 5
58 16 64 -6
80 4 72 8
0 1 85 0
64 14 69 -5
67 14 78 -11
79 7 80 -1
0 1 96 0
69 4 68 1
55 8 65 -10
81 17 82 -1
0 2 53 0
90 4 86 4
82 5 83 -1
73 3 79 -6
85 15 89 -4
94 2 75 19
83 11 91 -8
0 4 92 0
0 1 88 0
22 2 63 -41
0 2 98 0
0 1 94 0
1 5 1 0
3 9 3 0
2 13 2 0
5 28 7 -2
4 15 5 -1
57 4 37 20
14 17 13 1
16 12 16 0
15 14 6 9
11 4 10 1
8 16 11 -3
12 18 15 -3
7 21 12 -5
10 24 8 2
9 22 14 -5
6 18 9 -3
0 12 4 0
21 21 19 2
27 7 28 -1
17 23 17 0
24 10 23 1
29 16 27 2
13 24 18 -5
22 40 25 -3
20 18 24 -4
38 2 21 17
18 27 20 -2
19 4 26 -7
37 4 31 6
28 14 30 -2
23 34 29 -6
39 7 39 0
64 3 41 23
34 15 40 -6
32 36 36 -4
31 35 35 -4
25 20 33 -8
43 10 46 -3
26 28 34 -8
44 8 48 -4
59 6 56 3
60 5 52 8
74 7 38 36
46 9 47 -1
70 6 66 4
33 20 42 -9
51 8 53 -2
47 9 51 -4
35 16 45 -10
50 5 62 -12
61 4 61 0
68 7 63 5
76 8 77 -1
55 12 60 -5
41 11 59 -18
54 14 57 -3
67 14 65 2
0 1 22 0
45 15 58 -13
56 7 55 1
0 1 43 0
81 6 75 6
87 3 69 18
52 13 64 -12
82 6 72 10
86 3 80 6
79 9 78 1
0 1 95 0
0 1 94 0
95 3 84 11
65 13 67 -2
48 2 73 -25
69 6 79 -10
63 7 71 -8
73 16 81 -8
83 4 82 1
80 3 90 -10
78 14 85 -7
85 19 88 -3
77 10 83 -6
100 2 99 1
94 11 98 -4
2 4 1 1
1 12 2 -1
5 8 3 2
4 14 4 0
15 13 15 0
3 27 5 -2
10 23 10 0
7 17 6 1
13 3 11 2
9 15 8 1
8 20 7 1
14 16 14 0
6 21 9 -3
11 17 12 -1
18 11 16 2
17 22 17 0
12 23 13 -1
21 20 21 0
16 26 18 -2
0 1 38 0
32 9 24 8
19 17 20 -1
23 39 22 1
37 3 19 18
31 15 29 2
29 6 27 2
22 33 23 -1
26 13 28 -2
52 3 37 15
27 51 30 -3
24 19 25 -1
20 27 26 -6
25 34 31 -6
28 35 32 -4
82 3 57 25
72 6 74 -2
58 6 39 19
35 14 34 1
87 2 64 23
30 19 33 -3
34 51 36 -2
33 15 35 -2
44 9 43 1
57 8 46 11
40 7 44 -4
38 22 40 -2
46 8 47 -1
64 4 60 4
49 7 51 -2
53 19 53 0
55 6 56 -1
56 5 59 -3
47 13 54 -7
45 14 45 0
60 10 41 19
50 11 55 -5
77 3 61 16
39 4 50 -11
62 6 68 -6
42 12 52 -10
51 13 67 -16
63 5 70 -7
59 12 65 -6
84 2 87 -3
54 6 63 -9
88 5 82 6
0 1 48 0
74 5 81 -7
75 7 76 -1
71 8 79 -8
79 5 69 10
81 2 86 -5
61 15 73 -12
83 3 83 0
68 9 77 -9
93 2 95 -2
67 13 78 -11
69 18 85 -16
86 2 80 6
78 12 89 -11
65 10 75 -10
73 7 92 -19
76 10 94 -18
0 1 100 0
0 1 58 0
2 3 2 0
1 11 1 0
8 7 5 3
6 13 4 2
4 26 3 1
9 16 7 2
5 19 8 -3
11 14 9 2
3 20 6 -3
13 22 10 3
7 2 13 -6
10 16 11 -1
12 22 12 0
17 15 14 3
15 12 15 0
19 10 18 1
14 21 17 -3
16 25 16 0
43 2 37 6
22 16 19 3
25 19 21 4
24 38 23 1
20 32 22 -2
38 8 32 6
29 18 24 5
23 26 20 3
32 5 29 3
34 12 26 8
30 14 31 -1
27 50 27 0
21 33 25 -4
26 34 28 -2
18 18 30 -12
41 13 35 6
31 14 33 -2
33 50 34 -1
99 2 52 47
81 5 58 23
39 21 38 1
69 9 60 9
35 20 36 -1
57 8 44 13
45 6 40 5
55 13 45 10
62 7 57 5
48 7 46 2
37 20 41 -4
28 3 39 -11
44 6 49 -5
51 11 42 9
54 18 53 1
49 12 47 2
36 10 50 -14
66 5 55 11
0 2 82 0
53 4 56 -3
70 3 64 6
88 2 77 11
85 5 54 31
0 1 87 0
52 11 59 -7
71 12 51 20
76 5 62 14
89 4 79 10
75 4 63 12
50 14 61 -11
65 5 72 -7
67 9 65 2
61 6 75 -14
56 8 68 -12
59 12 67 -8
74 7 71 3
0 1 86 0
92 4 74 18
79 4 88 -9
95 2 83 12
0 2 80 0
64 17 69 -5
0 1 81 0
0 1 84 0
82 11 78 4
58 15 66 -8
68 17 70 -2
72 6 73 -1
63 9 76 -13
0 1 93 0
87 13 85 2
98 2 90 8
60 9 89 -29
2 10 1 1
1 2 2 -1
5 25 4 1
10 12 6 4
12 6 8 4
3 19 3 0
8 15 9 -1
4 18 5 -1
11 13 11 0
13 21 13 0
7 15 10 -3
9 21 12 -3
0 1 7 0
19 14 17 2
16 11 15 1
14 24 16 -2
15 20 14 1
22 9 19 3
24 15 22 2
21 25 23 -2
23 18 25 -2
18 31 20 -2
25 37 24 1
28 17 29 -1
20 32 21 -1
33 11 34 -1
27 49 27 0
26 33 26 0
42 4 32 10
17 17 18 -1
31 13 30 1
51 7 38 13
30 13 31 -1
32 49 33 -1
43 12 41 2
29 19 35 -6
0 1 43 0
35 20 39 -4
6 2 28 -22
45 5 45 0
36 19 37 -1
53 10 51 2
37 25 40 -3
58 7 57 1
56 12 55 1
48 6 48 0
50 11 49 1
38 26 42 -4
44 5 44 0
47 9 36 11
73 11 71 2
0 1 99 0
55 17 54 1
91 4 85 6
65 4 66 -1
63 3 53 10
66 6 62 4
85 4 81 4
54 10 52 2
68 8 69 -1
46 13 50 -4
82 4 76 6
83 3 75 8
77 2 70 7
67 8 67 0
49 14 58 -9
61 11 59 2
59 7 56 3
57 16 64 -7
84 16 68 16
80 6 74 6
62 4 65 -3
71 5 72 -1
95 3 92 3
64 5 61 3
72 8 63 9
0 1 88 0
78 10 82 -4
93 3 89 4
0 1 95 0
86 12 87 -1
94 3 79 15
60 8 60 0
0 1 98 0
69 13 73 -4
76 17 83 -7
0 3 94 0
87 3 80 7
1 9 2 -1
0 1 1 0
2 18 3 -1
3 24 5 -2
4 17 4 0
10 11 10 0
14 5 12 2
7 14 8 -1
5 14 7 -2
9 12 11 -2
6 20 9 -3
12 20 13 -1
16 19 15 1
18 10 16 2
8 23 14 -6
21 13 19 2
11 16 17 -6
25 8 22 3
13 30 18 -5
15 31 20 -5
22 14 24 -2
17 24 21 -4
20 36 25 -5
19 17 23 -4
23 32 26 -3
26 48 27 -1
0 1 6 0
27 16 28 -1
37 12 31 6
31 12 30 1
62 3 42 20
29 48 32 -3
38 10 33 5
30 18 29 1
49 8 47 2
36 18 36 0
61 6 51 10
32 19 35 -3
35 24 37 -2
44 11 43 1
34 25 38 -4
52 4 44 8
53 4 45 8
40 27 40 0
28 22 34 -6
47 5 48 -1
45 10 50 -5
43 12 46 -3
54 9 53 1
51 9 54 -3
94 2 63 31
56 16 55 1
57 11 56 1
58 6 59 -1
59 6 58 1
48 13 49 -1
60 10 61 -1
72 7 60 12
71 4 64 7
55 5 66 -11
81 7 72 9
46 15 57 -11
77 3 62 15
69 3 65 4
41 7 67 -26
91 15 84 7
68 7 68 0
0 1 77 0
76 10 73 3
73 4 71 2
63 12 69 -6
79 5 80 -1
92 2 83 9
87 3 82 5
75 4 74 1
0 2 94 0
100 2 87 13
90 3 85 5
74 9 78 -4
66 16 76 -10
64 5 70 -6
85 3 91 -6
89 3 88 1
83 11 86 -3
95 2 93 2
78 4 79 -1
65 7 81 -16
0 2 95 0
80 15 92 -12
99 5 99 0
93 2 90 3
13 7 2 11
2 16 1 1
3 22 4 -1
1 15 3 -2
4 12 5 -1
6 18 7 -1
8 12 11 -3
7 21 8 -1
10 10 9 1
9 9 12 -3
5 14 6 -1
14 18 15 -1
12 28 13 -1
18 3 22 -4
15 29 10 5
11 17 14 -3
17 22 18 -1
21 8 21 0
28 15 17 11
32 34 25 7
20 11 23 -3
24 12 16 8
26 30 24 2
19 18 19 0
25 6 34 -9
36 46 30 6
37 14 20 17
30 20 26 4
34 46 37 -3
33 16 28 5
40 10 39 1
22 17 27 -5
31 37 31 0
38 23 38 0
39 22 29 10
43 16 36 7
61 10 50 11
51 8 44 7
42 33 40 2
52 25 42 10
56 5 49 7
60 18 45 15
53 10 43 10
64 9 55 9
55 8 52 3
62 13 48 14
35 3 46 -11
66 11 54 12
49 6 53 -4
63 19 56 7
65 7 63 2
41 2 57 -16
58 2 58 0
71 7 60 11
75 3 77 -2
77 14 67 10
76 9 59 17
81 4 69 12
84 4 64 20
85 8 51 34
79 4 78 1
0 1 80 0
69 10 66 3
54 3 61 -7
86 5 73 13
73 14 72 1
88 16 62 26
96 5 81 15
0 1 79 0
78 11 70 8
99 2 76 23
80 5 84 -4
91 2 74 17
0 7 91 0
92 2 75 17
0 8 85 0
0 1 71 0
0 2 89 0
0 3 82 0
82 13 88 -6
68 5 87 -19
59 3 68 -9
0 9 94 0
23 10 32 -9
0 1 98 0
70 8 83 -13
0 1 90 0
0 1 100 0
0 1 96 0
87 13 92 -5
0 10 86 0
72 3 93 -21
1 15 2 -1
26 6 13 13
2 14 1 1
3 21 3 0
4 11 4 0
8 13 5 3
5 17 6 -1
9 20 7 2
12 9 10 2
17 28 15 2
10 11 8 2
14 8 9 5
15 27 12 3
16 16 11 5
18 17 14 4
36 11 24 12
44 14 28 16
19 21 17 2
47 17 19 28
50 13 37 13
31 7 21 10
6 2 18 -12
27 10 20 7
32 29 26 6
39 33 32 7
35 19 30 5
28 16 22 6
38 15 33 5
49 21 39 10
41 45 36 5
25 36 31 -6
45 9 23 22
33 5 25 8
20 18 16 4
51 15 43 8
43 45 34 9
40 22 38 2
37 9 40 -3
42 32 42 0
0 1 50 0
58 24 52 6
55 9 53 2
61 7 51 10
56 17 60 -4
7 2 35 -28
59 12 62 -3
66 4 56 10
65 9 61 4
96 7 85 11
64 7 55 9
53 5 49 4
70 10 66 4
68 8 64 4
74 18 63 11
0 1 41 0
0 1 58 0
84 8 76 8
79 6 71 8
13 2 54 -41
86 15 88 -2
71 6 65 6
92 3 84 8
76 19 74 2
72 9 69 3
80 13 77 3
11 2 59 -48
94 3 81 13
85 10 78 7
69 13 73 -4
97 4 86 11
0 1 91 0
0 1 92 0
0 1 99 0
0 2 75 0
90 3 79 11
87 4 96 -9
62 7 70 -8
99 4 80 19
75 4 68 7
95 12 82 13
88 12 87 1
52 2 72 -20
2 13 2 0
1 14 1 0
3 20 3 0
4 10 4 0
6 12 8 -2
5 16 5 0
8 19 9 -1
7 10 10 -3
10 7 14 -4
11 8 12 -1
15 15 16 -1
9 26 15 -6
24 5 26 -2
13 16 18 -5
12 27 17 -5
17 17 20 -3
14 20 19 -5
0 1 6 0
27 16 47 -20
20 9 27 -7
39 6 31 8
18 15 28 -10
45 8 45 0
33 10 36 -3
28 4 33 -5
19 28 32 -13
37 17 48 -11
38 13 44 -6
35 18 46 -11
25 18 35 -10
16 35 25 -9
32 32 39 -7
30 14 38 -8
31 44 43 -12
0 1 7 0
26 44 41 -15
41 12 50 -9
21 21 40 -19
34 20 49 -15
23 8 37 -14
22 31 42 -20
43 14 51 -8
29 4 53 -24
58 6 61 -3
49 23 58 -9
57 8 55 2
0 1 13 0
51 6 64 -13
70 3 66 4
44 19 60 -16
0 1 11 0
42 16 56 -14
60 8 65 -5
53 11 59 -6
64 17 74 -10
67 7 68 -1
79 5 71 8
69 9 70 -1
72 19 73 -1
48 3 75 -27
63 8 72 -9
52 6 62 -10
81 5 79 2
0 1 52 0
59 12 69 -10
62 18 76 -14
85 7 84 1
75 12 80 -5
88 9 85 3
100 2 90 10
94 3 99 -5
0 2 94 0
89 11 95 -6
0 1 21 0
95 2 92 3
90 6 96 -6
92 3 97 -5
73 11 88 -15
74 14 86 -12
0 1 22 0
0 1 24 0
0 1 23 0
55 3 81 -26
50 3 78 -28
77 3 87 -10
54 3 82 -28
0 1 30 0
1 13 1 0
2 12 2 0
3 19 3 0
5 9 4 1
4 15 5 -1
6 11 6 0
7 18 8 -1
8 9 7 1
11 7 11 0
17 6 10 7
9 25 9 0
14 14 15 -1
10 26 12 -2
15 15 13 2
12 19 14 -2
23 16 17 6
13 34 16 -3
49 4 24 25
30 8 20 10
18 14 18 0
51 5 39 12
20 27 19 1
22 3 28 -6
28 17 25 3
35 9 33 2
53 7 23 30
32 13 30 2
25 31 32 -7
19 20 21 -2
24 43 26 -2
21 30 22 -1
29 43 31 -2
50 12 38 12
56 7 45 11
0 17 35 0
26 15 27 -1
0 16 37 0
36 19 34 2
40 11 41 -1
41 13 43 -2
16 3 29 -13
0 1 93 0
70 7 57 13
39 15 42 -3
57 22 49 8
59 10 53 6
37 18 44 -7
78 5 58 20
0 5 52 0
60 23 56 4
54 5 51 3
76 7 60 16
52 2 70 -18
80 6 67 13
64 11 59 5
79 8 69 10
90 4 79 11
66 7 63 3
75 18 72 3
73 16 64 9
0 2 48 0
58 17 62 -4
31 2 50 -19
92 4 81 11
77 11 75 2
34 2 55 -21
27 2 54 -27
86 6 85 1
91 8 88 3
63 13 74 -11
0 2 77 0
65 10 73 -8
0 1 100 0
81 19 87 -6
0 1 95 0
43 2 71 -28
82 10 89 -7
89 5 90 -1
83 2 92 -9
99 8 91 8
0 2 94 0
100 7 98 2
1 12 1 0
3 11 2 1
2 18 3 -1
4 8 5 -1
6 14 4 2
5 10 6 -1
10 8 8 2
8 17 7 1
7 24 9 -2
28 5 17 11
11 6 11 0
9 25 10 -1
15 14 15 0
13 18 12 1
12 13 14 -2
14 33 13 1
0 15 23 0
18 13 18 0
17 26 20 -3
34 7 30 4
16 19 19 -3
20 29 21 -1
43 6 53 -10
54 3 49 5
24 16 28 -4
21 42 24 -3
22 14 26 -4
48 2 22 26
39 2 16 23
25 12 32 -7
23 42 29 -6
19 30 25 -6
32 8 35 -3
30 18 36 -6
26 31 33 -7
35 11 50 -15
51 4 51 0
31 38 38 -7
29 10 40 -11
33 14 39 -6
36 12 41 -5
27 17 37 -10
65 6 56 9
38 44 42 -4
37 35 45 -8
52 21 57 -5
0 1 31 0
40 4 54 -14
57 9 59 -2
0 1 27 0
0 1 34 0
56 22 60 -4
61 6 70 -9
80 4 78 2
60 10 64 -4
68 6 76 -8
45 19 62 -17
49 16 58 -9
50 6 66 -16
62 15 73 -11
0 1 47 0
69 5 80 -11
70 7 79 -9
0 1 52 0
0 1 43 0
55 17 75 -20
59 9 65 -6
47 12 63 -16
63 10 77 -14
0 1 48 0
77 3 90 -13
58 19 74 -16
92 3 92 0
0 1 44 0
0 1 46 0
73 2 84 -11
82 5 86 -4
0 3 55 0
67 18 81 -14
87 7 91 -4
66 9 82 -16
81 4 89 -8
93 7 99 -6
0 1 83 0
0 1 67 0
0 1 72 0
95 6 100 -5
83 6 95 -12
1 11 1 0
3 10 3 0
2 17 2 0
4 13 6 -2
6 7 4 2
8 9 5 3
7 16 8 -1
10 7 10 0
5 23 7 -2
9 24 9 0
14 5 11 3
15 17 13 2
11 32 14 -3
12 12 12 0
17 13 15 2
0 1 39 0
46 4 28 18
20 12 18 2
13 18 16 -3
16 25 17 -1
21 28 20 1
0 1 48 0
19 41 21 -2
18 29 19 -1
22 13 22 0
26 15 24 2
23 41 23 0
50 6 34 16
24 11 25 -1
25 30 26 -1
35 7 32 3
29 17 30 -1
34 16 27 7
28 37 31 -3
30 13 33 -3
61 9 29 32
36 11 36 0
32 43 38 -6
33 34 37 -4
76 2 54 22
47 10 35 12
60 3 51 9
41 5 43 -2
31 3 40 -9
56 5 65 -9
57 20 52 5
45 15 49 -4
64 8 57 7
55 21 56 -1
38 18 45 -7
51 11 47 4
62 9 60 2
67 8 59 8
44 5 50 -6
65 5 61 4
63 14 62 1
52 18 58 -6
53 16 55 -2
75 5 68 7
78 9 63 15
94 3 80 14
71 6 70 1
70 4 69 1
58 17 67 -9
68 8 66 2
0 1 73 0
82 4 82 0
54 12 64 -10
87 3 81 6
0 2 77 0
88 6 87 1
97 2 92 5
72 5 72 0
83 5 83 0
66 12 71 -5
80 9 84 -4
89 6 93 -4
92 5 95 -3
1 10 1 0
2 16 2 0
3 9 3 0
6 6 6 0
8 8 8 0
7 12 4 3
4 22 5 -1
5 15 7 -2
9 23 9 0
10 6 10 0
17 4 14 3
18 11 12 6
19 16 15 4
11 31 11 0
22 12 17 5
12 17 13 -1
13 24 16 -3
21 11 20 1
16 28 18 -2
25 27 21 4
15 40 19 -4
20 12 22 -2
23 40 23 0
31 14 26 5
26 10 24 2
27 29 25 2
39 15 34 5
73 3 46 27
64 8 61 3
29 16 29 0
28 36 28 0
42 6 35 7
30 12 30 0
65 5 50 15
58 9 47 11
37 10 36 1
32 33 33 -1
34 42 32 2
14 2 31 -17
24 26 27 -3
35 21 37 -2
66 4 41 25
41 39 42 -1
36 17 38 -2
40 21 40 0
51 10 51 0
50 14 45 5
43 4 44 -1
61 2 60 1
59 19 57 2
0 1 76 0
49 15 53 -4
56 20 55 1
74 7 64 10
47 17 52 -5
75 7 67 8
63 8 62 1
57 4 65 -8
68 13 63 5
78 8 78 0
52 11 54 -2
81 4 56 25
60 7 68 -8
48 16 58 -10
80 4 75 5
53 3 70 -17
72 5 71 1
67 11 66 1
76 4 72 4
55 9 74 -19
83 6 79 4
54 13 73 -19
0 2 94 0
87 2 87 0
89 3 82 7
84 4 83 1
85 8 80 5
77 9 81 -4
88 5 88 0
70 18 84 -14
79 3 85 -6
82 3 93 -11
0 1 97 0
90 5 89 1
0 4 92 0
97 3 96 1
91 5 90 1
9 9 1 8
1 15 2 -1
2 8 3 -1
6 11 7 -1
3 21 4 -1
7 5 6 1
4 14 5 -1
8 7 8 0
5 22 9 -4
11 5 10 1
13 30 11 2
21 10 18 3
12 16 12 0
10 3 17 -7
18 15 19 -1
14 23 13 1
24 11 22 2
22 27 16 6
15 39 15 0
20 10 21 -1
27 26 25 2
19 11 20 -1
17 39 23 -6
25 9 26 -1
23 28 27 -4
39 13 31 8
16 25 24 -8
26 35 28 -2
35 15 29 6
40 11 30 10
0 1 14 0
32 41 34 -2
30 32 32 -2
45 14 39 6
53 5 42 11
47 9 37 10
33 20 35 -2
38 16 36 2
31 26 33 -2
34 20 40 -6
98 3 66 32
43 38 41 2
46 25 46 0
28 3 43 -15
52 13 50 2
0 2 73 0
80 8 58 22
37 28 45 -8
44 23 44 0
74 4 65 9
56 9 51 5
48 16 47 1
51 14 49 2
55 10 52 3
63 19 56 7
77 3 81 -4
67 18 59 8
29 15 48 -19
0 1 61 0
65 7 64 1
66 7 63 3
61 12 68 -7
72 6 74 -2
71 3 57 14
64 10 67 -3
79 6 75 4
59 6 60 -1
54 2 53 1
69 4 72 -3
0 3 76 0
50 12 54 -4
42 8 55 -13
85 3 80 5
78 7 78 0
90 5 83 7
83 7 85 -2
76 8 77 -1
88 2 89 -1
95 3 84 11
58 17 70 -12
49 2 79 -30
0 1 71 0
0 1 87 0
89 4 88 1
94 4 90 4
92 4 91 1
81 16 86 -5
0 2 82 0
0 2 97 0
91 13 94 -3
16 8 9 7
1 14 1 0
2 7 2 0
3 20 3 0
4 13 4 0
6 4 7 -1
7 10 6 1
9 6 8 1
5 21 5 0
13 4 11 2
10 29 13 -3
8 15 12 -4
11 22 14 -3
12 38 15 -3
21 26 22 -1
24 2 10 14
25 9 21 4
14 14 18 -4
22 10 19 3
19 9 20 -1
30 10 24 6
17 38 17 0
15 24 16 -1
27 25 27 0
42 8 25 17
18 27 23 -5
20 34 26 -6
40 14 35 5
47 10 40 7
44 12 39 5
23 31 30 -7
26 25 31 -5
28 40 32 -4
31 19 33 -2
37 15 38 -1
50 8 47 3
34 23 36 -2
52 13 45 7
29 19 34 -5
43 37 43 0
58 4 53 5
38 2 28 10
35 22 44 -9
33 27 37 -4
46 24 46 0
48 15 48 0
39 14 29 10
53 13 51 2
54 12 52 2
62 8 56 6
60 9 55 5
0 1 54 0
51 11 50 1
41 7 42 -1
61 18 63 -2
85 2 71 14
83 7 80 3
70 17 67 3
55 5 59 -4
63 21 60 3
72 6 66 6
68 6 65 3
80 3 74 6
0 2 98 0
65 9 64 1
64 11 61 3
56 19 62 -6
67 16 58 9
77 3 69 8
76 5 72 4
74 5 79 -5
73 7 76 -3
75 6 78 -3
0 1 49 0
100 2 85 15
32 2 77 -45
86 4 90 -4
99 2 95 4
81 6 83 -2
71 15 81 -10
89 3 89 0
0 1 88 0
92 3 94 -2
93 3 92 1
59 10 82 -23
84 4 87 -3
82 12 91 -9
87 16 99 -12
57 3 57 0
1 13 1 0
2 6 2 0
3 19 3 0
4 12 4 0
5 20 5 0
8 9 7 1
6 3 6 0
13 5 9 4
22 7 16 6
0 1 24 0
9 3 13 -4
7 14 8 -1
11 28 10 1
10 21 11 -1
12 37 12 0
14 23 15 -1
15 37 17 -2
18 13 14 4
21 9 22 -1
25 8 19 6
32 8 25 7
19 25 21 -2
17 26 18 -1
36 9 30 6
40 7 42 -2
16 33 20 -4
30 24 27 3
0 1 38 0
37 13 39 -2
23 30 23 0
24 24 26 -2
26 39 28 -2
27 18 31 -4
20 18 29 -9
39 13 40 -1
33 22 34 -1
28 26 33 -5
34 14 37 -3
42 11 44 -2
50 9 47 3
31 22 36 -5
35 6 41 -6
38 36 43 -5
29 21 35 -6
55 12 52 3
43 23 46 -3
54 7 50 4
46 14 48 -2
53 10 51 2
52 12 53 -1
51 11 54 -3
59 3 58 1
57 8 60 -3
61 7 62 -1
0 2 57 0
66 15 67 -1
44 4 55 -11
58 20 63 -5
63 10 64 -1
48 18 56 -8
60 17 61 -1
64 8 65 -1
65 5 68 -3
69 5 72 -3
71 16 70 1
73 2 77 -4
0 1 85 0
76 4 76 0
0 2 80 0
70 6 73 -3
0 1 32 0
67 5 75 -8
74 4 74 0
84 6 83 1
62 14 71 -9
56 9 59 -3
78 5 81 -3
0 1 100 0
0 1 69 0
79 3 84 -5
99 2 89 10
85 3 86 -1
77 11 82 -5
95 2 93 2
98 2 92 6
0 1 99 0
81 15 87 -6
1 12 1 0
2 5 2 0
3 18 3 0
4 11 4 0
6 19 5 1
5 2 6 -1
10 8 8 2
7 13 7 0
11 4 13 -2
12 27 11 1
8 20 10 -2
9 36 12 -3
56 2 9 47
20 12 18 2
15 22 14 1
33 6 22 11
13 36 15 -2
14 25 17 -3
25 7 25 0
16 32 16 0
22 24 19 3
28 8 21 7
17 29 23 -6
35 7 32 3
19 23 24 -5
29 23 30 -1
18 38 26 -8
21 17 20 1
42 8 36 6
23 17 27 -4
24 25 28 -4
31 21 33 -2
26 20 29 -3
27 21 31 -4
37 13 34 3
36 12 37 -1
44 12 39 5
30 5 35 -5
40 6 40 0
32 35 38 -6
39 10 42 -3
34 23 41 -7
49 22 43 6
59 8 50 9
51 13 46 5
43 25 45 -2
71 6 54 17
58 9 53 5
48 11 55 -7
57 11 52 5
47 10 51 -4
38 3 44 -6
45 17 48 -3
82 2 59 23
52 8 56 -4
63 7 57 6
62 16 60 2
68 6 61 7
72 19 58 14
66 9 63 3
64 7 64 0
67 14 66 1
54 4 65 -11
73 15 71 2
53 13 62 -9
81 4 69 12
74 5 70 4
84 3 74 10
80 4 67 13
93 3 76 17
0 1 73 0
91 4 78 13
79 10 77 2
89 5 84 5
0 2 79 0
85 2 85 0
86 14 81 5
65 13 75 -10
0 1 99 0
83 12 82 1
0 17 88 0
0 1 98 0
0 1 95 0
90 4 87 3
0 12 97 0
87 15 92 -5
0 5 100 0
1 11 1 0
2 4 2 0
3 17 3 0
5 10 4 1
6 18 6 0
0 1 5 0
4 12 7 -3
12 7 10 2
0 1 56 0
7 19 8 -1
10 26 12 -2
8 35 9 -1
89 3 11 78
13 21 15 -2
9 35 13 -4
14 31 16 -2
11 24 14 -3
20 11 20 0
23 23 22 1
22 16 21 1
29 7 28 1
38 5 33 5
16 28 17 -1
17 22 19 -2
27 6 25 2
15 37 18 -3
24 16 23 1
19 24 24 -5
21 19 26 -5
30 22 29 1
26 20 27 -1
44 6 35 9
32 20 31 1
35 12 37 -2
28 4 30 -2
46 7 42 4
34 11 36 -2
33 34 32 1
40 11 44 -4
45 5 40 5
31 22 34 -3
41 9 39 2
51 21 49 2
18 2 38 -20
36 24 43 -7
53 12 51 2
37 19 41 -4
39 16 45 -6
42 33 46 -4
59 7 59 0
48 9 47 1
57 10 57 0
55 8 58 -3
72 5 71 1
52 10 48 4
58 7 52 6
66 6 63 3
68 18 72 -4
0 1 82 0
65 15 62 3
70 5 68 2
50 12 53 -3
71 8 66 5
54 6 64 -10
25 3 54 -29
64 13 67 -3
84 3 80 4
92 3 81 11
83 4 74 9
78 14 73 5
97 2 84 13
47 12 65 -18
98 2 93 5
77 9 79 -2
93 3 91 2
82 13 86 -4
81 11 83 -2
67 19 75 -8
76 4 89 -13
0 1 85 0
88 19 92 -4
85 3 90 -5
79 17 88 -9
95 10 100 -5
62 9 69 -7
75 14 87 -12
61 8 78 -17
90 16 98 -8
1 10 1 0
3 3 2 1
2 16 3 -1
5 9 5 0
8 17 6 2
4 11 4 0
6 18 7 -1
7 34 8 -1
19 6 12 7
0 2 89 0
13 25 10 3
9 34 9 0
10 23 11 -1
15 20 13 2
12 30 14 -2
14 27 16 -2
17 36 15 2
16 21 17 -1
24 10 20 4
21 15 22 -1
20 22 23 -3
22 15 24 -2
18 23 19 -1
30 5 27 3
11 18 21 -10
25 19 26 -1
36 6 29 7
26 21 30 -4
27 3 28 -1
33 19 32 1
28 33 33 -5
41 4 38 3
23 21 31 -8
52 5 44 8
37 10 34 3
43 11 35 8
0 1 18 0
47 8 41 6
53 4 45 8
31 18 37 -6
51 6 46 5
32 23 36 -4
40 10 40 0
35 15 39 -4
39 32 42 -3
49 8 48 1
82 9 52 30
54 20 51 3
38 25 43 -5
56 11 53 3
72 6 58 14
44 11 50 -6
63 2 25 38
62 9 57 5
61 7 55 6
65 6 59 6
57 22 56 1
0 19 87 0
70 14 65 5
71 5 66 5
58 5 54 4
29 11 47 -18
79 7 71 8
64 12 64 0
76 4 70 6
67 8 62 5
78 4 72 6
66 17 68 -2
85 13 78 7
86 3 83 3
55 18 67 -12
60 7 61 -1
93 8 77 16
89 2 84 5
92 2 92 0
87 10 81 6
0 1 97 0
84 12 82 2
74 13 75 -1
77 16 79 -2
68 3 76 -8
95 2 85 10
94 2 93 1
83 18 88 -5
0 1 98 0
69 19 80 -11
59 4 69 -10
34 3 73 -39
81 15 90 -9
0 1 74 0
88 9 95 -7
1 9 1 0
40 2 3 37
2 15 2 0
3 10 4 -1
4 8 5 -1
8 16 8 0
6 17 6 0
5 33 7 -2
7 33 9 -2
19 24 13 6
10 22 10 0
18 5 19 -1
16 19 15 1
11 29 12 -1
12 35 17 -5
14 26 14 0
13 20 16 -3
15 22 18 -3
31 9 24 7
9 17 11 -2
22 14 21 1
17 21 20 -3
23 14 22 1
0 1 63 0
25 18 25 0
34 4 30 4
24 2 27 -3
52 5 36 16
27 20 26 1
20 20 23 -3
29 18 33 -4
28 32 28 0
37 9 37 0
35 10 43 -8
33 22 32 1
30 17 31 -1
77 3 41 36
32 14 35 -3
43 9 40 3
49 7 47 2
39 31 39 0
38 24 38 0
65 4 52 13
60 3 53 7
58 5 51 7
26 10 29 -3
50 7 49 1
44 34 42 2
53 10 44 9
55 19 54 1
88 8 82 6
59 10 56 3
62 4 58 4
71 6 61 10
56 21 57 -1
70 8 62 8
79 5 72 7
74 5 65 9
67 6 60 7
64 7 67 -3
69 11 64 5
76 13 70 6
75 4 71 4
48 17 55 -7
61 16 66 -5
42 3 59 -17
81 3 76 5
85 6 79 6
84 3 78 6
21 2 34 -13
68 12 74 -6
0 2 68 0
95 7 93 2
93 12 85 8
63 15 77 -14
54 18 69 -15
89 9 87 2
83 11 84 -1
87 2 86 1
0 1 89 0
0 1 95 0
72 18 80 -8
78 17 83 -5
73 14 81 -8
0 1 92 0
0 1 94 0
82 8 88 -6
97 3 91 6
86 15 90 -4
1 8 1 0
2 14 2 0
0 1 40 0
3 9 3 0
6 7 4 2
8 16 6 2
4 32 5 -1
12 15 8 4
5 32 7 -2
7 21 10 -3
13 16 9 4
9 28 11 -2
23 23 19 4
14 25 14 0
20 18 16 4
10 19 13 -3
11 34 12 -1
16 21 15 1
19 4 18 1
18 20 17 1
21 13 22 -1
22 13 23 -1
17 19 20 -3
33 8 31 2
26 17 25 1
29 19 27 2
0 1 24 0
25 31 28 -3
31 9 26 5
24 3 34 -10
27 16 30 -3
30 21 33 -3
32 17 29 3
0 1 21 0
37 13 32 5
67 4 52 15
40 8 37 3
36 23 38 -2
35 30 39 -4
50 8 43 7
96 2 77 19
44 33 44 0
34 9 35 -1
55 9 53 2
41 35 41 0
43 36 45 -2
51 6 49 2
28 25 36 -8
48 6 50 -2
49 21 47 2
62 4 58 4
70 3 65 5
73 2 60 13
63 18 55 8
42 16 48 -6
64 9 59 5
56 20 56 0
47 3 62 -15
15 2 42 -27
71 5 67 4
80 5 71 9
83 7 70 13
60 10 69 -9
86 4 74 12
54 15 61 -7
65 6 64 1
39 17 54 -15
82 12 76 6
69 3 75 -6
85 4 79 6
46 10 51 -5
61 11 68 -7
53 19 66 -13
89 2 81 8
52 14 63 -11
98 2 84 14
81 5 85 -4
57 17 72 -15
59 13 73 -14
95 7 88 7
66 16 78 -12
68 10 83 -15
99 11 93 6
0 1 87 0
88 8 89 -1
74 7 82 -8
77 14 86 -9
0 2 97 0
93 6 95 -2
78 9 90 -12
92 18 94 -2
91 7 80 11
97 10 98 -1
1 7 1 0
2 13 2 0
3 8 3 0
12 6 6 6
4 31 4 0
13 15 8 5
5 31 5 0
14 14 12 2
10 15 13 -3
7 20 7 0
6 27 9 -3
9 33 11 -2
8 18 10 -2
11 24 14 -3
17 20 16 1
20 17 20 0
16 19 18 -2
18 3 19 -1
22 22 23 -1
15 18 17 -2
19 12 21 -2
21 12 22 -1
26 16 26 0
30 8 31 -1
29 18 29 0
24 30 25 -1
28 16 32 -4
23 15 27 -4
39 7 33 6
36 12 37 -1
27 20 30 -3
52 2 24 28
34 8 34 0
25 24 28 -3
49 7 40 9
32 22 36 -4
31 29 35 -4
38 34 41 -3
0 1 15 0
51 7 50 1
44 32 44 0
41 35 43 -2
45 35 45 0
40 20 49 -9
46 15 42 4
56 5 51 5
43 5 48 -5
42 9 46 -4
82 3 67 15
67 8 55 12
35 16 39 -4
76 17 63 13
59 19 56 3
79 3 62 17
68 8 64 4
0 1 73 0
57 14 54 3
98 2 47 51
47 13 52 -5
74 5 65 9
96 2 70 26
48 18 53 -5
80 4 71 9
58 10 61 -3
54 9 60 -6
84 6 83 1
88 4 80 8
53 16 57 -4
55 12 59 -4
60 3 86 -26
0 2 69 0
83 11 82 1
0 1 96 0
61 15 66 -5
93 3 85 8
86 6 91 -5
0 1 89 0
63 6 74 -11
66 9 68 -2
0 1 98 0
81 4 81 0
70 13 77 -7
94 6 95 -1
69 7 88 -19
72 8 78 -6
73 14 84 -11
95 10 99 -4
78 17 92 -14
91 5 93 -2
90 3 94 -4
85 9 97 -12
87 17 100 -13
1 6 1 0
3 12 2 1
2 7 3 -1
4 30 4 0
5 30 5 0
13 5 12 1
6 19 7 -1
8 14 13 -5
7 26 6 1
11 17 8 3
10 32 9 1
18 13 14 4
12 14 10 2
9 23 11 -2
16 19 17 -1
15 17 15 0
14 18 16 -2
31 2 18 13
20 16 20 0
21 11 19 2
19 11 21 -2
23 21 22 1
0 1 52 0
25 29 24 1
27 15 26 1
22 14 23 -1
24 23 25 -1
42 17 29 13
26 19 27 -1
32 7 30 2
28 15 28 0
49 6 39 10
41 7 34 7
29 28 31 -2
30 21 32 -2
33 11 36 -3
37 51 37 0
43 15 35 8
51 6 49 2
35 33 38 -3
48 14 46 2
38 34 41 -3
44 31 44 0
46 34 45 1
36 8 42 -6
0 1 98 0
73 4 43 30
34 19 40 -6
65 6 51 14
57 4 56 1
40 12 47 -7
39 17 48 -9
58 13 57 1
76 7 67 9
69 18 59 10
50 15 53 -3
45 19 50 -5
52 11 55 -3
68 8 54 14
63 9 58 5
95 2 79 16
80 16 76 4
72 7 68 4
78 4 74 4
59 14 61 -2
85 2 82 3
67 8 66 1
0 1 96 0
88 3 80 8
53 8 62 -9
54 5 63 -9
17 8 33 -16
66 12 70 -4
61 7 72 -11
70 11 71 -1
89 3 88 1
82 3 81 1
81 10 83 -2
84 5 84 0
64 13 73 -9
97 2 93 4
56 2 60 -4
0 13 77 0
0 6 69 0
55 16 64 -9
83 5 86 -3
77 16 78 -1
94 4 91 3
71 2 90 -19
93 5 94 -1
74 8 85 -11
92 9 95 -3
75 16 87 -12
1 5 1 0
4 11 3 1
2 6 2 0
3 29 4 -1
7 29 5 2
5 25 7 -2
6 18 6 0
9 16 11 -2
11 31 10 1
13 13 12 1
8 22 9 -1
16 4 13 3
10 13 8 2
19 12 18 1
15 16 15 0
12 17 14 -2
14 18 16 -2
0 1 31 0
21 10 21 0
20 15 20 0
17 10 19 -2
25 20 23 2
18 13 22 -4
22 28 25 -3
23 22 24 -1
28 14 27 1
24 18 26 -2
29 14 28 1
40 16 42 -2
35 6 32 3
26 27 29 -3
27 20 30 -3
58 7 17 41
34 6 41 -7
42 14 43 -1
36 10 33 3
37 50 37 0
39 32 35 4
53 5 49 4
30 18 34 -4
33 33 38 -5
47 7 36 11
82 3 73 9
43 30 44 -1
46 33 46 0
51 13 48 3
31 11 40 -9
32 16 39 -7
54 5 51 3
38 18 45 -7
76 5 65 11
45 14 50 -5
67 7 68 -1
52 10 52 0
70 3 57 13
60 12 58 2
69 8 63 6
71 17 69 2
0 1 56 0
56 13 59 -3
44 7 53 -9
41 4 54 -13
59 15 55 4
68 19 62 6
66 7 67 -1
73 6 76 -3
65 6 72 -7
62 11 66 -4
61 10 70 -9
55 6 61 -6
57 12 64 -7
83 3 78 5
50 15 60 -10
86 15 80 6
75 15 77 -2
0 1 95 0
99 2 88 11
94 2 82 12
0 1 85 0
78 9 81 -3
87 4 84 3
72 7 74 -2
81 4 83 -2
63 15 75 -12
100 2 89 11
77 14 79 -2
0 1 71 0
93 3 94 -1
0 1 97 0
89 4 93 -4
97 8 92 5
90 9 96 -6
0 13 90 0
1 4 1 0
3 5 2 1
4 10 4 0
2 28 3 -1
8 28 7 1
5 17 6 -1
6 24 5 1
12 12 10 2
7 21 8 -1
11 30 11 0
10 15 9 1
18 12 13 5
19 3 16 3
9 16 12 -3
13 15 15 -2
14 17 14 0
51 6 58 -7
21 11 19 2
16 9 17 -1
23 14 20 3
30 9 21 9
15 12 18 -3
28 19 25 3
20 21 23 -3
17 27 22 -5
22 17 24 -2
35 13 28 7
36 13 29 7
26 26 26 0
24 19 27 -3
42 5 35 7
33 9 36 -3
29 17 30 -1
38 31 39 -1
55 6 47 8
34 49 37 -3
32 32 33 -1
25 15 32 -7
27 10 31 -4
37 5 34 3
45 15 40 5
48 13 42 6
41 29 43 -2
31 17 38 -7
40 32 46 -6
47 45 49 -2
53 12 51 2
62 4 53 9
50 13 45 5
58 4 54 4
44 9 52 -8
39 6 44 -5
43 3 41 2
61 14 59 2
93 2 70 23
63 11 60 3
54 12 56 -2
49 14 50 -1
52 5 55 -3
60 18 68 -8
72 7 69 3
56 11 57 -1
80 4 76 4
71 10 62 9
66 6 66 0
69 6 67 2
74 16 71 3
70 9 61 9
84 5 65 19
90 2 82 8
67 6 72 -5
57 14 63 -6
75 5 73 2
73 14 75 -2
98 2 83 15
68 13 77 -9
87 14 86 1
65 8 78 -13
0 1 94 0
79 3 81 -2
94 3 87 7
59 19 64 -5
0 1 99 0
0 1 100 0
64 19 74 -10
92 7 97 -5
91 3 89 2
95 2 93 2
83 8 90 -7
88 7 92 -4
78 16 85 -7
0 2 88 0
6 3 1 5
2 4 3 -1
1 27 2 -1
4 9 4 0
7 23 6 1
3 16 5 -2
8 27 8 0
5 20 7 -2
11 14 10 1
14 11 12 2
10 29 11 -1
9 15 9 0
19 11 18 1
17 16 14 3
13 14 13 0
12 2 19 -7
15 8 16 -1
18 11 15 3
26 10 21 5
32 13 23 9
40 8 30 10
16 26 17 -1
25 20 20 5
22 16 22 0
31 18 28 3
23 25 26 -3
21 18 24 -3
41 12 35 6
56 12 36 20
27 16 29 -2
28 9 27 1
20 14 25 -5
30 31 32 -2
38 4 37 1
65 4 42 23
37 8 33 4
35 48 34 1
24 16 31 -7
34 30 38 -4
47 14 45 2
62 2 43 19
52 12 48 4
39 28 41 -2
29 5 39 -10
46 12 50 -4
42 31 40 2
77 5 55 22
44 40 46 -2
45 44 47 -2
48 13 49 -1
54 11 53 1
36 8 44 -8
81 3 62 19
69 3 58 11
33 4 52 -19
51 11 54 -3
57 10 56 1
43 5 51 -8
67 13 61 6
70 10 63 7
71 8 70 1
99 9 71 28
60 13 57 3
58 18 59 -1
96 4 84 12
76 5 66 10
74 5 69 5
55 17 60 -5
78 6 72 6
0 1 93 0
83 15 74 9
61 5 67 -6
90 4 75 15
59 18 64 -5
82 13 73 9
85 3 80 5
63 12 68 -5
88 7 65 23
100 2 79 21
0 1 90 0
0 1 98 0
75 15 78 -3
98 13 87 11
0 2 94 0
94 2 91 3
80 7 83 -3
0 1 76 0
89 6 88 1
0 1 95 0
91 6 92 -1
9 2 6 3
1 26 1 0
5 3 2 3
11 8 4 7
3 15 3 0
7 22 7 0
2 19 5 -3
6 26 8 -2
4 14 9 -5
10 13 11 -1
8 28 10 -2
18 10 14 4
22 13 13 9
20 15 17 3
13 10 18 -5
38 7 15 23
12 25 16 -4
19 10 19 0
0 1 12 0
25 19 25 0
28 9 26 2
21 15 22 -1
32 12 32 0
17 17 21 -4
14 13 20 -6
16 24 23 -7
24 8 28 -4
27 17 31 -4
23 15 27 -4
46 7 40 6
15 15 24 -9
26 30 30 -4
63 7 37 26
33 47 35 -2
40 11 41 -1
62 11 56 6
37 3 38 -1
31 29 34 -3
43 4 29 14
34 30 42 -8
35 27 39 -4
77 3 65 12
0 1 62 0
30 7 36 -6
60 13 47 13
39 39 44 -5
41 43 45 -4
57 11 52 5
53 12 48 5
52 11 46 6
67 4 43 24
90 3 33 57
61 10 54 7
51 10 51 0
81 4 77 4
54 9 57 -3
0 12 60 0
29 2 69 -40
49 17 58 -9
42 16 55 -13
56 12 67 -11
96 2 81 15
70 9 70 0
50 17 59 -9
99 6 88 11
76 4 76 0
36 4 61 -25
55 11 63 -8
71 4 74 -3
69 7 71 -2
94 8 99 -5
78 5 78 0
79 12 82 -3
83 14 83 0
95 3 90 5
72 19 79 -7
66 14 75 -9
0 1 100 0
97 2 85 12
68 11 72 -4
73 6 80 -7
100 3 96 4
58 9 66 -8
82 19 86 -4
98 12 98 0
86 5 89 -3
74 18 87 -13
0 1 94 0
93 5 91 2
88 4 93 -5
92 16 97 -5
1 25 1 0
2 2 5 -3
4 14 3 1
15 7 11 4
3 18 2 1
0 1 9 0
7 21 7 0
6 25 6 0
5 13 4 1
8 27 8 0
9 12 10 -1
23 12 22 1
16 9 18 -2
64 6 38 26
10 24 12 -2
20 14 20 0
14 9 13 1
22 9 19 3
13 12 14 -1
12 16 17 -5
18 14 21 -3
17 23 16 1
11 14 15 -4
24 18 25 -1
29 8 28 1
19 14 23 -4
25 7 24 1
43 3 43 0
21 29 26 -5
27 16 27 0
32 11 32 0
67 2 90 -23
26 28 31 -5
28 46 33 -5
31 6 30 1
59 6 63 -4
46 2 37 9
35 26 35 0
50 6 46 4
42 10 40 2
30 29 34 -4
52 3 67 -15
33 38 39 -6
37 42 41 -4
54 10 52 2
60 12 60 0
48 11 53 -5
38 33 47 -9
41 41 45 -4
40 9 51 -11
58 10 57 1
51 23 59 -8
63 9 61 2
34 15 42 -8
62 10 62 0
56 8 54 2
47 16 49 -2
44 16 50 -6
80 3 36 44
53 10 55 -2
91 2 77 14
55 8 58 -3
66 11 56 10
49 19 65 -16
0 1 29 0
68 8 70 -2
71 6 69 2
65 10 68 -3
45 19 64 -19
61 3 71 -10
57 13 66 -9
84 3 76 8
87 3 81 6
77 4 78 -1
70 18 72 -2
75 5 73 2
0 1 96 0
79 11 79 0
94 13 83 11
0 1 97 0
78 18 82 -4
69 17 74 -5
96 5 99 -3
82 4 86 -4
97 2 95 2
92 4 93 -1
76 12 80 -4
93 3 88 5
86 19 85 1
99 2 100 -1
85 15 92 -7
95 11 98 -3
90 7 94 -4
1 24 1 0
2 17 3 -1
3 13 4 -1
4 12 5 -1
0 1 2 0
5 24 6 -1
6 20 7 -1
7 26 8 -1
10 11 9 1
22 6 15 7
9 23 10 -1
19 8 14 5
14 11 13 1
8 13 11 -3
13 22 17 -4
12 15 12 0
21 8 16 5
27 8 22 5
20 13 20 0
18 13 18 0
24 11 23 1
15 13 19 -4
28 6 25 3
25 17 24 1
16 28 21 -5
35 15 27 8
34 7 29 5
30 5 31 -1
23 27 26 -3
40 10 32 8
29 45 28 1
26 28 30 -4
33 25 35 -2
89 2 80 9
0 1 46 0
79 5 64 15
37 37 33 4
51 9 42 9
39 41 37 2
31 14 34 -3
11 2 43 -32
38 38 39 -1
45 40 41 4
62 5 50 12
32 32 38 -6
36 20 36 0
44 15 47 -3
53 15 44 9
42 8 40 2
60 9 54 6
48 10 48 0
57 7 56 1
50 9 53 -3
67 10 66 1
59 9 58 1
54 7 55 -1
55 22 51 4
61 11 60 1
66 8 63 3
64 9 62 2
63 5 59 4
41 18 45 -4
46 18 49 -3
52 12 57 -5
17 2 52 -35
65 9 65 0
75 5 71 4
74 7 68 6
47 2 61 -14
69 17 70 -1
73 4 75 -2
58 16 69 -11
96 2 84 12
0 1 91 0
80 3 77 3
77 10 79 -2
70 11 76 -6
81 2 87 -6
72 17 78 -6
0 12 94 0
78 18 86 -8
83 3 82 1
82 4 83 -1
0 2 93 0
71 11 74 -3
0 1 67 0
56 11 73 -17
76 14 85 -9
91 3 92 -1
87 6 90 -3
0 1 97 0
93 10 95 -2
98 4 96 2
0 1 99 0
3 23 1 2
1 16 2 -1
4 12 3 1
2 11 4 -2
5 23 5 0
6 19 6 0
7 25 7 0
10 10 10 0
8 22 9 -1
9 12 8 1
11 14 12 -1
15 10 14 1
17 7 19 -2
23 5 22 1
20 7 21 -1
12 21 13 -1
16 12 18 -2
14 12 15 -1
19 12 20 -1
13 27 16 -3
35 7 27 8
33 10 24 9
26 16 25 1
29 5 28 1
21 26 23 -2
50 14 35 15
25 44 29 -4
39 6 34 5
22 27 26 -4
34 4 30 4
45 9 40 5
30 36 37 -7
28 13 31 -3
32 24 33 -1
24 19 36 -12
37 40 39 -2
18 31 32 -14
36 37 38 -2
43 7 42 1
42 39 45 -3
54 8 51 3
0 1 11 0
52 14 53 -1
31 17 41 -10
41 14 44 -3
59 9 48 11
38 17 46 -8
69 4 62 7
56 21 55 1
0 1 17 0
51 8 50 1
62 8 60 2
44 6 54 -10
64 6 57 7
47 11 52 -5
58 8 59 -1
70 4 63 7
46 10 61 -15
0 1 47 0
61 8 64 -3
73 7 66 7
76 4 79 -3
66 8 65 1
65 9 67 -2
74 6 74 0
53 15 58 -5
57 16 69 -12
75 4 75 0
55 10 56 -1
88 10 71 17
79 3 73 6
60 10 70 -10
91 2 80 11
67 16 72 -5
77 9 77 0
0 1 89 0
86 2 83 3
82 3 82 0
0 1 96 0
63 13 76 -13
71 17 78 -7
0 1 81 0
87 5 87 0
89 2 91 -2
98 9 93 5
0 3 98 0
85 19 92 -7
5 22 3 2
1 15 1 0
4 11 4 0
2 10 2 0
3 22 5 -2
8 18 6 2
7 24 7 0
9 11 9 0
6 21 8 -2
12 9 10 2
11 13 11 0
10 20 12 -2
15 9 15 0
14 11 14 0
13 26 13 0
18 11 16 2
20 6 17 3
22 11 19 3
35 6 20 15
26 4 23 3
19 25 21 -2
41 9 33 8
32 15 26 6
17 26 22 -5
48 6 35 13
37 4 29 8
23 43 25 -2
56 3 34 22
27 12 28 -1
16 30 18 -2
29 23 32 -3
43 5 39 4
60 13 50 10
21 18 24 -3
28 35 30 -2
30 36 36 -6
31 39 37 -6
54 8 45 9
24 16 31 -7
64 6 43 21
25 21 27 -2
46 13 41 5
39 38 42 -3
33 16 38 -5
65 8 59 6
36 22 40 -4
51 7 51 0
61 7 54 7
45 10 47 -2
53 13 52 1
52 5 44 8
55 20 56 -1
67 9 55 12
74 5 64 10
47 14 53 -6
63 7 58 5
70 7 62 8
44 9 46 -2
84 3 69 15
76 3 70 6
69 7 61 8
72 7 66 6
82 6 73 9
71 8 65 6
57 15 57 0
50 9 60 -10
75 9 88 -13
66 15 67 -1
98 2 79 19
89 5 74 15
81 3 75 6
59 12 63 -4
83 8 77 6
62 16 71 -9
80 3 76 4
0 1 91 0
94 2 82 12
0 1 86 0
78 19 78 0
34 2 80 -46
91 4 87 4
90 4 81 9
0 1 89 0
87 18 85 2
99 8 98 1
96 11 94 2
92 11 93 -1
93 17 96 -3
0 1 97 0
1 14 1 0
2 9 2 0
6 21 5 1
5 10 4 1
3 21 3 0
9 17 8 1
7 23 7 0
4 20 6 -2
8 10 9 -1
13 8 12 1
12 12 11 1
10 19 10 0
11 25 13 -2
14 10 14 0
16 8 15 1
19 10 18 1
22 5 20 2
24 29 16 8
27 10 22 5
38 5 35 3
20 24 19 1
15 25 17 -2
18 3 26 -8
17 17 21 -4
23 42 23 0
35 14 32 3
25 20 25 0
26 11 27 -1
40 3 37 3
28 34 28 0
21 15 24 -3
31 22 29 2
47 8 41 6
56 2 56 0
49 5 48 1
29 35 30 -1
34 38 31 3
30 15 33 -3
48 4 43 5
33 21 36 -3
43 12 46 -3
37 37 39 -2
64 5 64 0
70 4 52 18
63 7 54 9
60 8 44 16
45 9 45 0
36 23 38 -2
41 36 42 -1
54 12 60 -6
42 6 51 -9
57 12 53 4
46 13 47 -1
77 6 61 16
68 8 67 1
59 19 55 4
53 14 57 -4
67 6 63 4
65 7 65 0
55 8 50 5
69 6 69 0
72 6 70 2
51 11 59 -8
78 4 74 4
73 7 71 2
76 6 72 4
58 14 66 -8
61 19 68 -7
96 2 84 12
80 2 76 4
52 15 62 -10
82 5 82 0
89 4 89 0
86 2 81 5
32 2 80 -48
85 7 83 2
62 18 78 -16
0 1 98 0
0 1 34 0
94 3 90 4
0 1 94 0
75 10 58 17
74 13 73 1
83 17 87 -4
99 3 91 8
71 8 75 -4
81 18 86 -5
0 1 85 0
88 10 92 -4
0 10 96 0
90 16 93 -3
97 7 99 -2
1 13 1 0
2 8 2 0
4 20 3 1
5 9 5 0
6 20 6 0
3 19 4 -1
8 22 7 1
10 16 9 1
9 9 8 1
7 18 10 -3
12 11 12 0
19 7 13 6
11 24 11 0
17 9 14 3
18 7 16 2
23 28 24 -1
13 24 15 -2
20 9 19 1
16 23 20 -4
33 4 22 11
15 16 17 -2
27 9 27 0
22 41 23 -1
21 14 21 0
24 19 25 -1
14 2 18 -4
32 10 26 6
25 33 28 -3
31 21 31 0
26 34 29 -3
29 37 34 -5
35 13 35 0
34 14 30 4
50 4 38 12
28 20 33 -5
78 2 40 38
30 22 36 -6
37 36 37 0
38 19 39 -1
44 7 47 -3
36 35 41 -5
65 3 48 17
60 7 60 0
43 8 45 -2
41 11 43 -2
49 12 46 3
61 4 49 12
40 26 44 -4
53 7 55 -2
39 5 42 -3
89 3 70 19
59 11 57 2
64 6 63 1
54 18 59 -5
0 1 56 0
51 13 53 -2
62 9 75 -13
57 10 51 6
55 11 54 1
85 5 77 8
42 14 52 -10
68 5 67 1
69 4 64 5
63 6 65 -2
47 13 58 -11
66 7 68 -2
56 18 61 -5
75 5 69 6
73 5 72 1
72 6 73 -1
83 5 76 7
74 12 74 0
80 3 78 2
0 7 71 0
0 1 80 0
58 19 66 -8
48 17 62 -14
71 19 79 -8
0 1 32 0
0 1 86 0
94 4 82 12
90 6 85 5
0 1 96 0
70 17 81 -11
82 16 83 -1
95 3 89 6
100 2 94 6
92 2 99 -7
81 9 88 -7
76 15 90 -14
91 9 93 -2
77 9 84 -7
97 6 97 0
1 12 1 0
2 7 2 0
4 19 4 0
3 18 3 0
6 8 5 1
8 19 6 2
7 21 8 -1
10 8 9 1
13 15 10 3
5 17 7 -2
9 23 11 -2
12 10 12 0
20 6 19 1
17 8 17 0
11 23 13 -2
18 6 18 0
15 15 15 0
0 1 14 0
23 8 20 3
16 22 16 0
14 13 21 -7
40 3 33 7
21 40 22 -1
27 27 23 4
24 18 24 0
38 9 32 6
29 8 27 2
19 32 25 -6
28 33 26 2
31 13 34 -3
30 20 31 -1
22 19 28 -6
25 36 29 -4
36 12 35 1
26 21 30 -4
33 35 37 -4
63 3 50 13
35 18 38 -3
0 1 78 0
32 34 36 -4
44 4 39 5
43 10 41 2
34 25 40 -6
48 7 43 5
53 11 49 4
50 6 44 6
87 2 65 22
86 3 61 25
49 25 46 3
57 9 57 0
37 13 42 -5
51 12 51 0
55 10 55 0
56 6 53 3
61 10 59 2
45 12 47 -2
59 17 54 5
39 6 60 -21
47 17 56 -9
54 16 48 6
67 5 64 3
76 3 69 7
60 5 63 -3
52 18 58 -6
72 4 68 4
64 6 66 -2
83 4 75 8
98 2 89 9
75 4 73 2
74 5 72 2
80 11 74 6
68 8 62 6
84 4 83 1
88 4 85 3
94 2 80 14
66 18 71 -5
62 16 70 -8
99 3 94 5
78 15 82 -4
69 8 77 -8
85 5 90 -5
81 19 84 -3
73 8 81 -8
92 2 95 -3
65 14 76 -11
82 8 93 -11
70 8 87 -17
79 8 91 -12
0 1 100 0
97 9 98 -1
91 5 97 -6
71 2 79 -8
0 1 92 0
0 1 67 0
1 11 1 0
3 6 2 1
2 17 3 -1
4 18 4 0
7 7 6 1
13 18 8 5
5 16 5 0
9 20 7 2
11 7 10 1
15 14 13 2
8 22 9 -1
10 9 12 -2
6 22 11 -5
14 14 15 -1
12 21 16 -4
17 7 17 0
31 5 18 13
28 5 20 8
24 7 23 1
27 12 14 13
21 39 21 0
32 26 27 5
25 17 24 1
19 31 19 0
23 32 28 -5
33 7 29 4
16 18 22 -6
22 35 25 -3
20 20 26 -6
26 19 30 -4
41 8 38 3
18 2 40 -22
29 12 31 -2
46 11 36 10
30 33 32 -2
36 34 33 3
37 17 35 2
52 3 44 8
35 24 34 1
44 9 43 1
43 12 37 6
58 6 48 10
47 5 50 -3
39 24 42 -3
53 24 49 4
42 11 45 -3
50 15 54 -4
60 10 53 7
34 2 63 -29
55 11 51 4
40 19 41 -1
63 5 56 7
67 16 59 8
61 9 55 6
45 16 47 -2
62 8 57 5
51 17 52 -1
68 9 61 7
48 5 39 9
0 2 86 0
71 7 68 3
59 4 60 -1
79 4 67 12
0 1 87 0
74 5 64 10
81 3 72 9
0 2 76 0
54 15 62 -8
66 17 66 0
83 4 74 9
82 3 75 7
80 10 80 0
86 3 83 3
65 13 65 0
69 7 69 0
0 1 71 0
0 1 94 0
72 7 73 -1
76 14 78 -2
93 3 84 9
78 18 81 -3
0 3 88 0
0 7 70 0
0 1 98 0
89 4 85 4
73 7 79 -6
77 7 82 -5
0 2 99 0
0 1 92 0
90 8 95 -5
99 4 91 8
97 8 97 0
96 11 89 7
1 10 1 0
3 5 3 0
2 16 2 0
5 17 4 1
4 15 5 -1
9 6 7 2
8 19 9 -1
19 17 13 6
7 21 8 -1
13 6 11 2
6 21 6 0
10 8 10 0
22 13 15 7
26 11 27 -1
11 13 14 -3
12 20 12 0
21 6 17 4
37 4 31 6
16 30 19 -3
32 4 28 4
18 38 21 -3
14 17 16 -2
25 6 24 1
28 16 25 3
17 34 22 -5
15 19 20 -5
29 25 32 -3
20 31 23 -3
30 6 33 -3
23 18 26 -3
27 11 29 -2
24 32 30 -6
31 33 36 -5
33 23 35 -2
36 16 37 -1
46 10 46 0
49 11 43 6
40 7 41 -1
70 4 48 22
0 1 18 0
45 18 40 5
34 23 39 -5
51 8 44 7
74 2 52 22
35 10 42 -7
39 33 38 1
41 15 45 -4
63 5 58 5
52 23 53 -1
48 4 47 1
56 10 55 1
50 16 51 -1
64 9 60 4
43 14 50 -7
59 8 61 -2
58 4 63 -5
65 7 62 3
38 19 57 -19
68 15 67 1
86 3 59 27
66 8 68 -2
42 14 54 -12
0 1 34 0
78 4 74 4
62 12 65 -3
53 16 66 -13
83 3 79 4
71 6 71 0
54 6 69 -15
92 2 81 11
60 6 72 -12
89 3 83 6
93 2 82 11
69 6 64 5
73 13 76 -3
61 6 73 -12
79 9 80 -1
75 17 78 -3
67 6 77 -10
100 2 86 14
99 2 93 6
95 3 89 6
94 10 96 -2
97 3 99 -2
77 6 85 -8
96 7 90 6
76 16 84 -8
0 7 97 0
88 7 92 -4
1 9 1 0
2 15 2 0
3 4 3 0
5 16 5 0
4 14 4 0
6 20 6 0
11 5 9 2
7 20 7 0
9 18 8 1
16 7 10 6
25 5 13 12
10 19 12 -2
24 16 19 5
8 12 11 -3
30 12 22 8
13 16 14 -1
23 5 21 2
17 29 16 1
12 18 15 -3
18 37 18 0
14 33 17 -3
19 30 20 -1
21 5 25 -4
29 15 28 1
22 17 23 -1
15 10 26 -11
26 3 32 -6
38 10 27 11
20 31 24 -4
41 3 37 4
27 24 29 -2
34 5 30 4
31 22 33 -2
33 32 31 2
37 15 36 1
42 32 39 3
32 22 34 -2
44 17 45 -1
39 6 40 -1
28 9 35 -7
52 10 49 3
58 7 51 7
47 14 41 6
54 9 46 8
51 3 48 3
86 3 70 16
43 20 44 -1
35 13 43 -8
50 15 50 0
0 1 74 0
0 22 52 0
36 13 42 -6
61 9 56 5
60 19 57 3
48 18 38 10
67 4 63 4
90 2 86 4
77 8 64 13
59 7 59 0
70 6 65 5
99 3 58 41
66 5 69 -3
62 11 62 0
49 15 53 -4
71 14 68 3
74 7 66 8
45 5 54 -9
53 19 55 -2
68 5 71 -3
57 5 60 -3
55 5 61 -6
81 3 78 3
78 12 73 5
56 5 67 -11
69 16 75 -6
96 2 83 13
92 8 79 13
0 1 92 0
0 1 93 0
0 2 89 0
79 15 76 3
64 5 77 -13
0 1 100 0
63 15 72 -9
75 6 82 -7
98 2 95 3
97 6 96 1
65 5 80 -15
80 6 88 -8
0 1 99 0
84 8 81 3
89 14 91 -2
91 9 94 -3
88 8 85 3
0 2 97 0
87 17 90 -3
1 8 1 0
2 14 2 0
3 3 3 0
5 13 4 1
6 15 5 1
4 19 6 -2
7 19 7 0
10 17 9 1
12 4 11 1
26 6 16 10
14 11 8 6
8 18 10 -2
31 4 25 6
13 15 13 0
9 17 12 -3
11 28 17 -6
17 32 14 3
15 36 18 -3
34 15 24 10
16 29 19 -3
21 4 23 -2
36 11 30 6
20 16 22 -2
18 30 20 -2
22 4 21 1
24 9 15 9
51 9 38 13
30 14 29 1
28 23 27 1
33 4 34 -1
29 31 33 -4
0 2 26 0
25 21 31 -6
27 21 32 -5
23 8 28 -5
43 14 37 6
39 2 41 -2
45 17 48 -3
37 31 42 -5
40 5 39 1
52 13 47 5
44 12 36 8
19 12 35 -16
38 19 43 -5
46 16 44 2
58 8 54 4
32 35 40 -8
0 2 51 0
56 9 52 4
53 14 50 3
62 6 58 4
66 14 49 17
35 4 45 -10
54 18 53 1
71 8 61 10
64 18 60 4
0 2 99 0
76 6 59 17
55 4 57 -2
47 4 55 -8
70 10 62 8
79 3 67 12
91 7 77 14
73 5 70 3
82 6 74 8
50 4 56 -6
81 13 71 10
95 4 66 29
99 2 86 13
77 4 68 9
57 14 63 -6
87 11 78 9
65 15 69 -4
80 14 79 1
59 4 64 -5
67 2 81 -14
98 7 92 6
61 4 65 -4
88 7 84 4
63 5 75 -12
0 1 96 0
72 7 76 -4
96 7 88 8
0 1 90 0
60 4 72 -12
97 5 80 17
0 16 87 0
89 13 89 0
78 8 91 -13
0 1 98 0
0 5 97 0
2 7 1 1
3 13 2 1
1 2 3 -2
6 12 5 1
7 14 6 1
4 18 4 0
5 18 7 -2
16 10 14 2
10 16 10 0
8 17 8 0
15 3 12 3
9 16 9 0
14 14 13 1
17 31 17 0
26 8 24 2
30 5 26 4
11 27 11 0
13 35 15 -2
12 28 16 -4
18 29 18 0
35 3 22 13
21 15 20 1
20 3 21 -1
38 14 34 4
36 3 31 5
28 22 28 0
23 7 23 0
33 13 30 3
45 10 36 9
22 20 25 -3
25 20 27 -2
24 30 29 -5
41 3 33 8
19 11 19 0
44 11 44 0
37 13 43 -6
52 8 51 1
31 4 40 -9
27 34 32 -5
0 1 39 0
32 30 37 -5
29 18 38 -9
43 15 46 -3
49 3 35 14
39 25 42 -3
50 12 52 -2
40 16 45 -5
60 13 66 -6
51 13 53 -2
53 8 56 -3
55 17 54 1
59 7 58 1
56 3 47 9
63 3 50 13
66 3 55 11
65 5 62 3
78 5 76 2
57 17 64 -7
68 7 71 -3
72 9 70 2
58 13 57 1
71 3 59 12
74 3 61 13
98 3 95 3
90 2 79 11
86 3 77 9
54 14 65 -11
64 4 73 -9
77 12 81 -4
73 3 60 13
85 5 82 3
47 4 63 -16
67 6 72 -5
81 6 91 -10
75 10 87 -12
69 13 80 -11
96 4 97 -1
0 1 67 0
80 3 68 12
79 6 88 -9
92 3 75 17
0 1 99 0
87 6 96 -9
84 12 89 -5
62 7 78 -16
93 6 98 -5
48 4 74 -26
0 2 83 0
1 6 2 -1
2 12 3 -1
0 1 1 0
3 17 4 -1
5 11 6 -1
7 13 7 0
4 17 5 -1
6 16 8 -2
8 15 9 -1
13 15 10 3
10 26 11 -1
9 2 15 -6
23 13 14 9
18 9 16 2
15 34 13 2
14 27 12 2
22 30 17 5
17 28 18 -1
12 10 19 -7
24 14 21 3
20 2 20 0
34 2 35 -1
21 6 23 -2
31 7 26 5
25 19 22 3
55 4 30 25
26 19 25 1
32 21 28 4
27 29 24 3
42 12 33 9
63 2 36 27
29 33 27 2
52 2 41 11
48 13 38 10
33 2 49 -16
58 9 45 13
35 29 32 3
30 17 29 1
11 3 31 -20
36 51 34 2
39 24 39 0
57 12 37 20
69 10 44 25
41 15 40 1
51 14 43 8
40 2 56 -16
43 30 42 1
46 33 46 0
38 2 63 -25
77 7 52 25
62 11 50 12
56 12 51 5
60 16 55 5
49 2 66 -17
59 7 53 6
78 12 58 20
79 6 59 20
47 2 71 -24
45 2 73 -28
53 2 74 -21
82 4 65 17
19 3 47 -28
80 16 57 23
50 13 54 -4
67 12 60 7
44 2 80 -36
92 8 72 20
84 6 68 16
87 5 67 20
0 3 64 0
16 3 48 -32
75 2 92 -17
99 4 78 21
0 2 86 0
76 6 62 14
0 1 90 0
85 12 69 16
94 11 77 17
0 4 85 0
90 9 75 15
100 5 79 21
93 11 84 9
0 5 81 0
0 2 98 0
0 5 87 0
0 3 96 0
0 5 93 0
91 13 89 2
3 4 2 1
1 10 1 0
2 15 3 -1
5 15 5 0
6 9 7 -1
4 14 6 -2
14 11 14 0
8 13 9 -1
9 24 15 -6
0 1 11 0
7 8 12 -5
23 13 22 1
12 25 19 -7
13 32 16 -3
0 1 13 0
10 26 17 -7
15 7 21 -6
0 1 10 0
25 4 40 -15
11 28 24 -13
16 11 26 -10
18 12 29 -11
22 17 30 -8
19 17 32 -13
21 27 31 -10
0 1 18 0
24 15 34 -10
26 5 36 -10
31 19 42 -11
32 27 44 -12
30 49 45 -15
0 1 28 0
27 22 46 -19
38 13 51 -13
50 10 55 -5
33 28 48 -15
37 31 50 -13
47 11 54 -7
45 11 52 -7
44 12 53 -9
42 2 75 -33
52 10 57 -5
43 10 56 -13
74 7 66 8
60 5 65 -5
51 14 60 -9
56 9 62 -6
0 1 38 0
0 1 35 0
0 1 41 0
46 10 59 -13
53 8 61 -8
0 1 37 0
0 1 43 0
0 1 47 0
70 4 67 3
65 5 68 -3
69 10 69 0
72 4 71 1
61 14 64 -3
68 19 76 -8
73 2 80 -7
49 13 58 -9
80 4 85 -5
71 10 79 -8
84 3 87 -3
67 6 74 -7
66 13 73 -7
76 7 88 -12
63 11 77 -14
77 6 86 -9
82 9 93 -11
79 9 89 -10
62 4 83 -21
54 18 81 -27
59 14 78 -19
64 4 82 -18
93 2 96 -3
86 3 95 -9
2 9 1 1
13 3 3 10
3 14 2 1
0 17 17 0
6 14 5 1
1 13 4 -3
7 8 6 1
0 22 20 0
5 12 8 -3
4 7 7 -3
17 10 14 3
8 23 9 -1
11 31 13 -2
10 25 10 0
12 24 12 0
0 23 29 0
14 6 15 -1
33 12 23 10
0 19 28 0
9 27 11 -2
0 20 39 0
15 10 16 -1
0 29 41 0
21 11 18 3
20 16 22 -2
16 26 21 -5
18 16 19 -1
22 14 24 -2
29 4 26 3
19 3 25 -6
34 18 31 3
31 26 32 -1
26 48 30 -4
23 21 27 -4
28 27 33 -5
25 31 34 -9
30 30 37 -7
35 12 38 -3
40 10 45 -5
36 11 44 -8
47 10 47 0
41 9 50 -9
44 9 43 1
56 9 52 4
43 12 49 -6
42 9 46 -4
50 13 51 -1
48 7 53 -5
61 8 56 5
58 13 61 -3
60 4 60 0
78 6 74 4
83 3 70 13
69 4 65 4
67 9 69 -2
37 19 57 -20
76 3 72 4
38 19 55 -17
51 12 66 -15
59 5 67 -8
0 1 42 0
62 18 68 -6
57 10 63 -6
52 13 59 -7
68 9 71 -3
0 1 73 0
55 17 54 1
54 3 64 -10
49 3 62 -13
82 3 80 2
77 5 77 0
94 2 84 10
75 6 76 -1
84 8 79 5
53 11 58 -5
72 17 75 -3
63 8 82 -19
85 2 86 -1
0 1 93 0
87 3 85 2
93 3 90 3
64 10 81 -17
5 8 2 3
2 13 3 -1
21 2 13 8
1 12 1 0
8 13 6 2
9 7 7 2
3 6 4 -1
4 11 5 -1
6 22 8 -2
10 24 10 0
12 26 9 3
7 23 12 -5
11 30 11 0
22 9 17 5
13 5 14 -1
15 9 15 0
29 10 21 8
17 15 18 -1
14 25 16 -2
19 15 20 -1
47 11 33 14
24 13 22 2
16 2 19 -3
33 3 29 4
20 20 23 -3
27 47 26 1
38 17 34 4
31 25 31 0
26 26 28 -2
23 30 25 -2
18 19 24 -6
25 25 27 -2
28 29 30 -2
39 11 35 4
32 20 32 0
56 8 44 12
30 10 36 -6
41 9 40 1
49 8 42 7
55 9 47 8
42 47 39 3
46 11 43 3
51 8 41 10
52 12 50 2
60 8 56 4
40 6 48 -8
53 16 55 -2
35 18 38 -3
63 7 61 2
44 18 37 7
57 10 53 4
59 12 52 7
66 3 60 6
58 12 58 0
34 2 49 -15
64 9 57 7
37 2 54 -17
81 3 69 12
45 11 51 -6
65 4 59 6
61 17 62 -1
79 8 67 12
80 2 83 -3
73 8 68 5
98 2 76 22
87 5 78 9
77 16 72 5
86 5 75 11
88 4 77 11
62 7 46 16
89 7 84 5
0 2 82 0
69 9 64 5
72 7 63 9
48 14 65 -17
0 1 94 0
0 2 87 0
0 1 85 0
91 8 81 10
78 10 71 7
0 2 66 0
43 2 93 -50
83 9 79 4
0 1 91 0
93 3 95 -2
54 2 73 -19
85 10 89 -4
0 4 99 0
1 11 1 0
14 7 5 9
2 12 2 0
3 5 3 0
4 10 4 0
9 12 8 1
10 6 9 1
5 21 6 -1
11 25 12 -1
8 23 10 -2
7 29 11 -4
6 22 7 -1
0 1 21 0
12 4 13 -1
15 8 15 0
13 24 14 -1
25 8 22 3
18 14 17 1
0 1 16 0
21 14 19 2
28 9 29 -1
22 12 24 -2
16 19 20 -4
17 18 18 -1
32 29 23 9
23 46 27 -4
19 24 25 -6
20 25 26 -6
27 2 33 -6
24 28 28 -4
29 24 31 -2
26 19 32 -6
59 10 47 12
30 16 38 -8
43 10 39 4
44 9 30 14
37 17 44 -7
31 17 35 -4
33 46 42 -9
53 8 41 12
47 7 51 -4
51 7 49 2
34 10 46 -12
62 7 56 6
45 29 36 9
61 6 62 -1
39 8 55 -16
48 5 40 8
0 1 34 0
55 11 52 3
36 10 45 -9
52 11 59 -7
57 9 57 0
0 1 37 0
56 15 53 3
60 7 60 0
67 8 64 3
50 11 58 -8
71 3 65 6
92 2 66 26
63 6 63 0
54 16 61 -7
82 6 72 10
64 8 69 -5
35 13 48 -13
74 7 79 -5
77 7 73 4
91 2 81 10
79 9 78 1
70 15 77 -7
0 1 54 0
65 5 75 -10
84 4 86 -2
0 1 98 0
89 3 88 1
88 4 87 1
78 8 83 -5
81 14 68 13
83 7 91 -8
0 1 80 0
85 6 89 -4
0 1 71 0
68 14 82 -14
69 9 85 -16
0 1 67 0
0 1 43 0
72 2 93 -21
94 3 96 -2
0 1 100 0
0 1 97 0
1 10 1 0
2 11 2 0
6 4 3 3
8 9 4 4
21 6 14 7
3 20 5 -2
4 21 6 -2
10 11 9 1
12 5 10 2
7 22 8 -1
5 28 7 -2
9 24 11 -2
13 3 12 1
11 23 13 -2
17 7 15 2
18 13 18 0
15 17 17 -2
24 13 21 3
14 18 16 -2
31 7 25 6
27 28 32 -5
20 11 22 -2
19 23 19 0
16 24 20 -4
22 45 23 -1
23 27 24 -1
29 8 28 1
51 8 44 7
26 23 29 -3
25 18 26 -1
0 1 27 0
32 16 31 1
44 28 45 -1
35 15 30 5
54 9 43 11
61 4 48 13
57 7 53 4
28 45 33 -5
30 16 37 -7
33 9 36 -3
36 9 34 2
64 9 59 5
40 12 35 5
69 6 51 18
34 35 38 -4
67 6 47 20
60 10 55 5
55 14 56 -1
71 7 39 32
68 6 62 6
66 8 57 9
53 10 50 3
56 10 52 4
58 6 60 -2
59 15 54 5
62 5 61 1
74 5 63 11
70 7 67 3
42 2 71 -29
0 1 92 0
82 13 81 1
90 7 64 26
50 19 58 -8
78 5 82 -4
81 6 77 4
86 4 65 21
65 19 66 -1
73 14 70 3
85 8 79 6
84 6 74 10
0 1 91 0
63 13 68 -5
83 7 78 5
79 8 69 10
95 3 84 11
96 3 88 8
98 2 89 9
92 5 85 7
89 6 83 6
0 1 72 0
72 19 76 -4
75 13 80 -5
0 2 94 0
1 9 1 0
3 10 2 1
12 3 6 6
6 8 8 -2
2 19 3 -1
5 20 4 1
4 27 5 -1
7 21 7 0
11 10 10 1
13 4 12 1
9 23 9 0
10 2 13 -3
8 22 11 -3
33 5 21 12
19 6 17 2
14 17 14 0
15 16 15 0
18 12 18 0
16 22 19 -3
17 23 16 1
27 12 24 3
26 10 20 6
20 44 22 -2
21 26 23 -2
54 6 31 23
22 17 25 -3
35 7 29 6
30 22 26 4
38 14 35 3
32 15 32 0
24 27 27 -3
25 44 28 -3
23 8 36 -13
44 11 40 4
31 8 33 -2
29 15 30 -1
28 34 34 -6
87 6 71 16
40 39 39 1
36 30 37 -1
37 23 38 -1
59 8 54 5
58 7 51 7
43 27 44 -1
46 38 41 5
79 5 67 12
42 3 61 -19
49 29 45 4
53 9 53 0
73 5 69 4
67 9 56 11
68 6 57 11
62 14 59 3
64 9 60 4
60 13 55 5
77 7 66 11
34 18 50 -16
71 8 64 7
66 5 58 8
69 4 62 7
74 5 68 6
80 4 74 6
92 6 90 2
63 3 86 -23
57 18 65 -8
75 6 70 5
51 12 63 -12
78 7 79 -1
76 13 73 3
0 1 42 0
55 2 93 -38
86 5 84 2
61 19 77 -16
52 18 72 -20
83 5 81 2
84 6 83 1
88 7 85 3
56 12 75 -19
81 12 82 -1
70 4 78 -8
90 5 89 1
98 2 95 3
94 4 92 2
82 19 88 -6
96 2 96 0
0 1 98 0
85 18 91 -6
72 9 87 -15
100 2 100 0
97 4 80 17
1 8 1 0
5 9 3 2
2 18 2 0
4 19 5 -1
3 26 4 -1
11 2 12 -1
7 20 7 0
6 7 6 0
9 22 9 0
10 9 11 -1
8 21 8 0
16 3 13 3
0 1 10 0
15 16 14 1
13 15 15 -2
14 22 17 -3
22 5 19 3
21 11 18 3
12 21 16 -4
31 9 26 5
72 4 33 39
17 43 20 -3
19 25 21 -2
33 11 27 6
18 16 22 -4
26 21 30 -4
23 26 24 -1
24 43 25 -1
43 6 35 8
25 14 29 -4
63 5 54 9
38 14 32 6
29 7 31 -2
27 33 28 -1
50 13 38 12
58 7 23 35
34 29 36 -2
30 22 37 -7
39 38 40 -1
49 10 44 5
42 37 46 -4
41 26 43 -2
46 28 49 -3
37 26 41 -4
32 33 39 -7
35 27 45 -10
40 37 48 -8
28 17 34 -6
57 6 58 -1
36 19 47 -11
51 8 53 -2
61 7 59 2
60 12 60 0
67 8 67 0
64 5 68 -4
69 4 66 3
59 13 62 -3
62 8 64 -2
54 2 42 12
73 3 69 4
44 11 51 -7
68 7 71 -3
56 17 57 -1
89 6 77 12
87 4 79 8
80 4 74 6
76 4 73 3
85 5 75 10
92 5 87 5
55 17 52 3
77 12 76 1
84 3 80 4
48 11 56 -8
53 19 65 -12
47 18 61 -14
20 3 70 -50
74 6 78 -4
0 3 97 0
94 4 83 11
78 11 81 -3
82 5 84 -2
88 4 86 2
86 6 88 -2
66 2 63 3
52 8 72 -20
71 18 82 -11
95 4 90 5
93 5 92 1
70 17 85 -15
98 3 94 4
0 1 55 0
65 15 89 -24
0 1 98 0
0 1 96 0
96 2 93 3
99 14 95 4
0 1 100 0
1 7 1 0
2 17 2 0
9 8 5 4
3 25 3 0
4 18 4 0
6 6 6 0
7 19 7 0
5 20 8 -3
10 21 9 1
14 8 10 4
0 1 11 0
12 2 16 -4
16 15 15 1
15 14 13 2
11 20 12 -1
13 21 14 -1
25 10 21 4
34 4 22 12
17 42 17 0
19 24 19 0
18 15 18 0
58 6 58 0
22 25 23 -1
21 42 24 -3
50 8 31 19
27 10 33 -6
24 32 27 -3
20 13 25 -5
36 20 26 10
30 6 29 1
43 13 38 5
94 3 72 22
23 16 28 -5
56 5 43 13
29 28 34 -5
32 21 30 2
52 12 50 2
33 32 32 1
35 37 39 -4
31 25 37 -6
0 1 54 0
38 25 41 -3
54 9 49 5
26 26 35 -9
37 36 42 -5
28 18 36 -8
40 36 40 0
44 27 46 -2
39 40 45 -6
45 10 44 1
57 16 55 2
55 7 51 4
76 4 63 13
46 10 48 -2
51 16 56 -5
67 5 57 10
68 6 61 7
62 11 60 2
42 17 47 -5
64 12 59 5
0 1 66 0
70 7 62 8
41 18 53 -12
80 3 69 11
72 7 67 5
69 4 64 5
0 2 73 0
8 2 20 -12
66 6 68 -2
53 7 52 1
81 3 76 5
85 3 80 5
83 4 85 -2
75 11 77 -2
0 5 89 0
73 5 74 -1
86 3 87 -1
92 2 84 8
74 10 78 -4
61 17 71 -10
96 3 94 2
78 4 82 -4
63 16 70 -7
84 3 88 -4
91 4 92 -1
82 5 86 -4
71 14 65 6
90 3 95 -5
60 12 75 -15
88 4 93 -5
0 1 96 0
97 2 98 -1
93 13 99 -6
65 11 81 -16
1 6 1 0
2 16 2 0
3 24 3 0
5 17 4 1
12 7 9 3
6 5 6 0
7 18 7 0
4 19 5 -1
9 20 10 -1
15 7 14 1
8 19 11 -3
11 13 15 -4
10 20 13 -3
14 14 16 -2
0 1 12 0
16 41 17 -1
13 14 18 -5
17 23 19 -2
0 1 8 0
29 9 25 4
58 3 34 24
24 24 22 2
22 41 21 1
36 12 20 16
37 19 36 1
21 31 24 -3
18 15 23 -5
32 5 30 2
27 20 32 -5
57 7 50 7
26 31 33 -7
28 9 27 1
25 27 29 -4
20 25 26 -6
19 17 28 -9
23 24 31 -8
50 12 43 7
30 36 35 -5
34 35 40 -6
39 24 38 1
31 35 37 -6
53 4 56 -3
47 9 45 2
38 39 39 -1
42 26 44 -2
41 16 42 -1
44 9 46 -2
52 8 54 -2
35 11 52 -17
55 6 55 0
43 6 53 -10
33 17 41 -8
59 15 57 2
48 15 51 -3
73 4 67 6
67 5 58 9
61 11 64 -3
62 10 62 0
78 5 68 10
71 6 70 1
81 3 76 5
74 3 69 5
60 13 71 -11
72 6 72 0
64 5 66 -2
91 2 80 11
56 15 63 -7
51 16 61 -10
96 2 94 2
66 4 73 -7
63 11 60 3
88 2 81 7
76 10 75 1
70 9 74 -4
94 2 85 9
54 10 65 -11
80 3 78 2
0 1 92 0
82 3 83 -1
83 4 82 1
75 2 86 -11
85 2 84 1
89 10 98 -9
97 3 91 6
92 3 88 4
100 2 96 4
93 2 90 3
65 11 77 -12
0 1 97 0
86 12 93 -7
1 5 1 0
2 15 2 0
3 23 3 0
5 16 5 0
4 18 4 0
6 4 6 0
8 17 7 1
20 6 12 8
10 19 9 1
7 18 8 -1
9 19 10 -1
24 6 15 9
11 12 11 0
12 13 14 -2
13 40 16 -3
18 13 13 5
16 22 17 -1
50 11 36 14
27 40 22 5
23 23 24 -1
14 14 18 -4
19 30 21 -2
40 8 29 11
17 24 20 -3
45 8 28 17
15 16 19 -4
25 26 25 0
31 4 32 -1
26 23 23 3
30 19 27 3
21 30 26 -5
83 2 58 25
34 35 30 4
43 18 37 6
29 34 31 -2
35 23 39 -4
32 38 38 -6
33 34 34 -1
28 16 33 -5
41 15 41 0
55 11 50 5
39 25 42 -3
56 8 47 9
42 8 44 -2
36 25 40 -4
49 47 49 0
44 51 45 -1
70 6 57 13
51 14 48 3
38 10 35 3
62 5 43 19
61 7 52 9
63 5 55 8
59 3 53 6
64 14 59 5
80 4 67 13
71 10 63 8
37 15 51 -14
69 9 62 7
52 14 56 -4
67 10 61 6
66 9 54 12
74 4 64 10
88 3 73 15
87 4 78 9
86 2 74 12
79 5 71 8
57 12 60 -3
78 5 72 6
65 3 66 -1
73 8 70 3
82 9 76 6
0 2 81 0
58 10 65 -7
85 2 80 5
0 1 91 0
0 1 88 0
89 3 83 6
92 2 82 10
0 1 85 0
0 1 94 0
0 1 75 0
72 19 79 -7
98 2 92 6
95 18 95 0
0 1 93 0
81 2 97 -16
84 11 86 -2
0 1 96 0
0 1 100 0
91 9 89 2
0 4 90 0
96 5 98 -2
4 4 1 3
1 14 2 -1
2 22 3 -1
3 17 4 -1
5 15 5 0
7 3 6 1
8 16 8 0
6 17 7 -1
11 18 10 1
9 18 9 0
12 11 11 1
35 5 20 15
21 12 18 3
15 12 12 3
33 5 24 9
10 39 13 -3
17 21 16 1
20 13 14 6
14 15 15 -1
18 23 17 1
16 29 19 -3
25 39 27 -2
24 22 26 -2
22 22 23 -1
23 25 25 -2
19 29 21 -2
29 18 30 -1
48 7 45 3
44 7 40 4
31 34 34 -3
27 33 29 -2
26 3 31 -5
13 15 28 -15
36 33 33 3
75 9 38 37
50 10 50 0
39 17 43 -4
42 37 32 10
30 22 35 -5
32 24 36 -4
37 14 41 -4
34 24 39 -5
66 4 62 4
55 7 42 13
45 50 44 1
38 26 46 -8
57 7 56 1
53 13 51 2
46 46 49 -3
54 10 55 -1
28 14 37 -9
59 6 61 -2
52 2 59 -7
61 8 66 -5
65 4 63 2
43 13 52 -9
73 5 70 3
0 1 83 0
60 13 64 -4
49 11 57 -8
62 9 67 -5
68 8 69 -1
72 9 71 1
84 3 74 10
56 9 58 -2
69 2 65 4
88 3 80 8
0 1 54 0
58 16 60 -2
76 7 73 3
82 4 79 3
79 4 78 1
0 2 88 0
0 1 86 0
95 8 82 13
51 9 53 -2
100 3 87 13
63 18 72 -9
0 1 85 0
0 1 92 0
99 2 89 10
93 10 68 25
80 10 84 -4
77 8 91 -14
0 1 98 0
89 17 95 -6
0 1 81 0
96 4 96 0
90 17 99 -9
7 3 4 3
2 13 1 1
4 21 2 2
3 16 3 0
8 14 5 3
1 2 7 -6
5 16 6 -1
10 15 8 2
9 17 9 0
14 17 11 3
13 10 12 1
17 11 15 2
11 38 10 1
29 12 20 9
16 14 14 2
19 20 17 2
15 22 18 -3
39 11 21 18
18 28 16 2
43 4 35 8
12 28 19 -7
22 21 22 0
48 4 33 15
21 24 23 -2
25 21 24 1
23 38 25 -2
36 14 13 23
20 32 27 -7
27 17 29 -2
6 2 26 -20
42 36 42 0
32 32 36 -4
31 33 31 0
30 21 30 0
28 23 32 -4
26 13 28 -2
80 8 75 5
24 23 34 -10
46 6 44 2
37 13 37 0
58 6 55 3
44 16 39 5
45 49 45 0
53 6 48 5
35 25 38 -3
33 19 40 -7
34 21 41 -7
41 45 46 -5
51 9 50 1
52 12 53 -1
40 12 43 -3
49 8 51 -2
57 9 54 3
60 6 57 3
55 10 49 6
56 8 56 0
0 1 52 0
66 15 58 8
61 5 59 2
70 3 66 4
71 3 65 6
63 12 60 3
0 1 69 0
62 7 61 1
59 8 62 -3
86 9 93 -7
69 7 68 1
79 4 73 6
72 8 72 0
54 17 63 -9
77 6 76 1
91 2 84 7
67 19 70 -3
65 19 71 -6
81 3 79 2
88 3 82 6
85 2 88 -3
98 7 95 3
83 9 80 3
0 2 100 0
0 1 99 0
84 9 87 -3
74 7 77 -3
76 5 81 -5
64 13 86 -22
82 16 89 -7
92 3 96 -4
90 14 91 -1
75 16 90 -15
93 10 98 -5
1 12 2 -1
3 20 4 -1
2 15 3 -1
9 2 7 2
5 13 8 -3
4 15 5 -1
0 1 1 0
12 14 10 2
6 16 9 -3
11 37 11 0
18 16 14 4
7 9 13 -6
45 13 36 9
13 13 16 -3
22 10 17 5
14 27 18 -4
16 19 19 -3
8 21 15 -7
10 27 12 -2
29 11 29 0
33 10 39 -6
20 20 22 -2
17 23 21 -4
24 20 25 -1
21 37 23 -2
0 1 6 0
15 31 20 -5
25 12 26 -1
27 16 27 0
26 20 30 -4
28 32 31 -3
23 22 28 -5
59 3 48 11
19 22 24 -5
57 3 43 14
31 31 32 -1
37 12 37 0
34 24 35 -1
40 15 44 -4
30 18 33 -3
32 20 34 -2
35 35 42 -7
38 11 40 -2
67 5 46 21
41 48 45 -4
36 44 41 -5
39 50 38 1
53 5 53 0
55 9 55 0
48 8 51 -3
44 7 49 -5
49 11 52 -3
60 8 57 3
58 5 58 0
52 7 56 -4
54 5 60 -6
66 14 66 0
62 4 61 1
63 11 63 0
61 6 62 -1
82 7 59 23
43 16 54 -11
0 1 68 0
91 2 71 20
81 2 70 11
69 6 69 0
47 18 67 -20
50 18 65 -15
72 7 72 0
88 3 79 9
75 7 80 -5
76 5 77 -1
64 6 74 -10
87 2 81 6
77 8 83 -6
79 4 76 3
100 2 88 12
0 1 91 0
51 12 64 -13
70 8 84 -14
0 1 85 0
80 15 82 -2
68 15 75 -7
78 13 90 -12
84 13 95 -11
86 8 86 0
99 6 98 1
0 2 92 0
74 19 87 -13
90 9 93 -3
3 10 2 1
1 13 1 0
4 18 4 0
2 13 3 -1
23 11 12 11
11 14 8 3
37 7 21 16
5 19 7 -2
6 25 5 1
8 35 6 2
19 12 16 3
15 11 13 2
7 25 9 -2
9 29 11 -2
13 17 15 -2
10 21 10 0
22 14 22 0
16 20 17 -1
12 18 14 -2
14 35 18 -4
34 8 26 8
17 20 19 -2
31 18 30 1
20 10 24 -4
24 18 25 -1
26 14 23 3
18 30 20 -2
41 9 35 6
33 16 33 0
25 29 29 -4
21 18 27 -6
36 8 31 5
28 22 34 -6
27 33 32 -5
32 42 36 -4
46 10 42 4
48 9 44 4
29 48 28 1
44 13 39 5
38 46 37 1
43 23 41 2
35 14 38 -3
55 5 50 5
50 11 47 3
47 24 43 4
30 16 40 -10
51 6 49 2
52 9 45 7
54 16 46 8
57 10 52 5
62 5 54 8
64 3 55 9
68 3 58 10
65 7 57 8
0 1 96 0
70 3 60 10
0 1 79 0
82 6 70 12
72 4 65 7
94 2 69 25
69 9 64 5
85 4 88 -3
0 1 82 0
75 12 71 4
71 3 62 9
59 13 56 3
84 4 78 6
81 6 83 -2
63 18 63 0
93 5 90 3
56 15 59 -3
66 17 66 0
87 5 86 1
97 3 80 17
74 6 67 7
58 11 53 5
98 2 84 14
77 13 73 4
83 5 76 7
60 16 61 -1
73 11 77 -4
86 4 85 1
90 6 81 9
0 1 95 0
53 12 51 2
79 7 68 11
89 12 91 -2
61 15 74 -13
0 3 72 0
0 4 100 0
1 12 1 0
3 9 3 0
2 12 2 0
5 17 4 1
9 24 6 3
7 34 8 -1
6 18 5 1
13 13 11 2
4 24 7 -3
8 20 10 -2
10 28 9 1
32 10 23 9
16 10 15 1
12 17 12 0
17 16 13 4
29 11 19 10
14 19 16 -2
11 34 14 -3
19 19 17 2
18 29 18 0
42 6 37 5
26 13 22 4
30 13 26 4
22 9 20 2
23 17 24 -1
37 7 34 3
15 17 21 -6
27 47 29 -2
20 28 25 -5
33 17 31 2
39 7 36 3
24 32 27 -3
34 15 33 1
21 21 28 -7
41 8 41 0
31 41 32 -1
36 45 38 -2
28 13 35 -7
44 12 44 0
25 15 30 -5
40 22 43 -3
38 9 46 -8
43 23 47 -4
51 8 48 3
60 8 52 8
55 15 54 1
52 10 50 2
45 26 49 -4
53 5 51 2
46 4 55 -9
50 11 53 -3
48 9 57 -9
59 10 58 1
66 4 62 4
81 2 64 17
57 12 59 -2
69 6 65 4
87 2 68 19
58 14 56 2
76 2 70 6
56 15 60 -4
93 2 71 22
63 17 63 0
71 8 69 2
74 3 72 2
68 16 66 2
80 5 74 6
73 6 79 -6
0 1 94 0
98 5 82 16
75 11 75 0
77 12 77 0
54 14 61 -7
67 11 67 0
83 4 83 0
65 10 73 -8
91 3 84 7
97 2 97 0
88 5 90 -2
62 5 81 -19
0 1 98 0
84 3 86 -2
90 4 87 3
64 16 76 -12
86 3 85 1
92 4 93 -1
89 11 89 0
82 15 88 -6
78 18 91 -13
85 18 96 -11
96 14 100 -4
2 11 1 1
1 11 2 -1
3 8 3 0
9 16 5 4
7 17 6 1
8 23 9 -1
4 23 4 0
6 33 7 -1
10 27 10 0
5 19 8 -3
22 12 13 9
13 16 12 1
21 15 17 4
11 33 11 0
20 9 16 4
15 18 14 1
17 18 19 -2
12 28 18 -6
35 10 29 6
28 8 22 6
16 16 15 1
41 12 26 15
34 9 32 2
25 16 23 2
14 27 20 -6
32 12 30 2
24 31 24 0
18 20 21 -3
19 46 27 -8
23 14 25 -2
31 16 33 -2
33 40 31 2
29 14 34 -5
36 6 37 -1
26 12 28 -2
48 6 39 9
42 5 42 0
30 44 36 -6
27 51 35 -8
47 7 41 6
43 21 40 3
46 11 44 2
50 8 38 12
38 22 43 -5
53 7 51 2
40 25 45 -5
54 9 52 2
59 4 53 6
67 7 60 7
39 10 50 -11
61 14 55 6
0 3 46 0
64 13 58 6
55 8 48 7
51 9 59 -8
65 11 57 8
52 14 56 -4
56 13 54 2
70 3 66 4
57 16 63 -6
0 1 81 0
82 5 69 13
69 15 68 1
58 10 67 -9
0 1 87 0
81 7 71 10
0 1 76 0
0 1 93 0
94 2 74 20
63 9 65 -2
77 4 80 -3
76 10 75 1
60 15 64 -4
78 11 77 1
73 5 73 0
68 8 61 7
62 4 62 0
97 4 98 -1
79 3 83 -4
99 2 91 8
85 2 86 -1
92 2 84 8
90 3 90 0
88 14 82 6
100 10 89 11
80 4 88 -8
66 17 78 -12
75 17 72 3
98 3 92 6
74 13 94 -20
71 17 85 -14
0 1 97 0
83 17 99 -16
0 13 96 0
2 10 2 0
1 10 1 0
3 7 3 0
4 22 4 0
13 15 9 4
6 16 7 -1
8 32 6 2
5 18 5 0
7 22 8 -1
10 26 10 0
9 32 11 -2
12 15 13 -1
20 11 22 -2
24 17 15 9
17 15 16 1
15 8 20 -5
18 14 21 -3
14 27 12 2
16 17 17 -1
23 26 14 9
22 19 18 4
33 7 28 5
25 15 25 0
21 30 24 -3
27 13 23 4
43 11 41 2
19 45 19 0
31 11 26 5
36 9 35 1
26 11 32 -6
28 39 33 -5
37 8 34 3
42 15 31 11
32 13 29 3
29 50 27 2
41 43 30 11
57 5 36 21
66 7 50 16
52 5 48 4
40 20 43 -3
54 6 47 7
39 4 42 -3
44 21 38 6
51 10 46 5
46 24 40 6
45 24 45 0
68 7 55 13
49 44 49 0
35 9 39 -4
60 6 53 7
55 8 54 1
53 3 59 -6
65 12 56 9
64 13 61 3
56 13 52 4
70 10 65 5
69 12 64 5
48 8 51 -3
63 6 67 -4
67 7 68 -1
83 3 62 21
61 15 57 4
71 14 60 11
58 8 63 -5
100 2 70 30
59 9 58 1
62 14 69 -7
88 4 82 6
82 19 72 10
92 6 81 11
74 16 75 -1
75 4 73 2
0 1 94 0
97 9 76 21
73 10 78 -5
79 16 66 13
85 12 84 1
90 3 77 13
78 13 88 -10
94 2 79 15
0 1 92 0
76 16 71 5
0 1 85 0
96 3 80 16
93 9 100 -7
98 2 90 8
0 1 99 0
0 2 98 0
86 12 74 12
0 18 87 0
72 3 97 -25
87 16 83 4
1 9 1 0
2 9 2 0
4 6 3 1
3 21 4 -1
5 17 5 0
9 31 8 1
6 15 6 0
8 21 7 1
19 14 13 6
10 25 10 0
7 31 9 -2
11 26 14 -3
13 14 12 1
17 25 23 -6
22 16 24 -2
14 14 17 -3
16 16 16 0
23 18 22 1
27 44 19 8
12 7 15 -3
20 13 18 2
26 10 20 6
30 12 27 3
15 29 21 -6
21 14 25 -4
32 10 31 1
31 49 29 2
46 6 33 13
34 12 32 2
42 42 41 1
41 14 42 -1
28 10 26 2
25 38 28 -3
51 7 37 14
40 8 36 4
60 4 57 3
52 19 34 18
45 20 44 1
33 8 35 -2
37 23 46 -9
47 10 43 4
62 3 39 23
36 19 40 -4
29 24 50 -21
35 23 45 -10
48 9 51 -3
55 5 54 1
57 4 52 5
39 43 49 -10
77 6 66 11
68 7 48 20
53 12 56 -3
61 5 60 1
44 7 55 -11
79 6 68 11
66 11 65 1
70 14 61 9
59 8 59 0
64 2 53 11
80 13 71 9
58 12 64 -6
86 2 83 3
54 7 58 -4
71 11 69 2
73 9 70 3
94 15 79 15
78 5 63 15
67 6 67 0
65 13 62 3
0 1 100 0
84 15 76 8
89 18 82 7
92 3 75 17
0 11 86 0
63 15 74 -11
87 8 97 -10
95 2 90 5
81 9 73 8
0 1 94 0
98 2 96 2
96 5 92 4
91 3 88 3
83 15 87 -4
76 11 85 -9
100 6 95 5
75 12 78 -3
0 16 77 0
0 1 98 0
0 1 99 0
82 6 84 -2
0 1 80 0
69 2 72 -3
93 8 93 0
1 8 1 0
2 8 2 0
5 5 4 1
3 20 3 0
4 16 5 -1
9 14 6 3
8 20 8 0
7 30 9 -2
6 30 7 -1
10 24 10 0
22 13 18 4
14 13 13 1
28 13 19 9
11 25 11 0
19 6 12 7
16 15 16 0
13 13 14 -1
20 12 20 0
26 43 27 -1
29 9 26 3
15 28 15 0
18 17 23 -5
12 24 17 -5
23 15 22 1
25 13 21 4
30 9 28 2
31 11 30 1
17 37 25 -8
27 48 31 -4
44 14 38 6
32 9 32 0
34 11 34 0
52 5 46 6
45 18 52 -7
24 7 33 -9
36 7 40 -4
55 6 51 4
77 2 62 15
37 18 36 1
41 41 42 -1
48 13 41 7
63 9 47 16
42 19 45 -3
35 22 35 0
33 22 37 -4
60 6 68 -8
38 42 39 -1
47 23 29 18
53 8 48 5
68 3 57 11
0 1 64 0
78 4 55 23
39 6 44 -5
49 11 53 -4
75 3 60 15
57 6 54 3
51 7 59 -8
67 4 61 6
64 13 70 -6
62 12 65 -3
72 4 78 -6
59 11 58 1
65 10 66 -1
61 5 77 -16
56 5 67 -11
84 5 79 5
71 10 71 0
74 8 73 1
82 12 80 2
0 1 69 0
87 8 81 6
54 14 63 -9
89 2 92 -3
79 14 84 -5
58 11 75 -17
88 14 94 -6
76 17 89 -13
0 1 86 0
70 5 82 -12
73 10 76 -3
81 14 83 -2
93 2 91 2
0 1 95 0
100 4 96 4
92 7 93 -1
85 5 100 -15
0 1 98 0
86 7 87 -1
1 7 1 0
2 7 2 0
3 19 3 0
7 4 5 2
4 15 4 0
10 13 9 1
5 29 6 -1
8 19 8 0
6 29 7 -1
9 23 10 -1
11 24 11 0
37 5 19 18
15 12 14 1
13 12 13 0
16 27 15 1
19 14 16 3
12 23 12 0
26 12 22 4
45 12 28 17
24 11 20 4
23 12 25 -2
22 14 23 -1
14 16 18 -4
20 36 17 3
36 8 29 7
18 42 26 -8
30 8 30 0
48 22 47 1
21 10 31 -10
28 47 27 1
27 8 32 -5
17 6 24 -7
32 10 34 -2
29 21 35 -6
41 17 37 4
25 21 33 -8
0 13 44 0
31 41 38 -7
66 6 36 30
53 12 48 5
39 40 41 -2
38 25 40 -2
54 5 39 15
42 18 42 0
64 4 52 12
72 8 63 9
60 7 53 7
46 34 43 3
33 19 46 -13
70 5 55 15
35 17 45 -10
47 10 49 -2
59 5 57 2
69 3 78 -9
87 2 68 19
65 10 59 6
34 6 51 -17
89 2 75 14
84 3 67 17
0 1 77 0
56 13 54 2
63 11 62 1
62 9 65 -3
52 4 56 -4
58 5 60 -2
68 12 64 4
77 9 71 6
79 7 74 5
73 19 66 7
49 10 58 -9
78 9 73 5
85 4 61 24
86 3 72 14
95 4 84 11
96 11 82 14
0 7 87 0
57 4 70 -13
81 13 81 0
76 13 79 -3
51 18 69 -18
91 6 86 5
75 19 80 -5
67 16 76 -9
0 1 93 0
0 1 89 0
94 6 92 2
93 13 88 5
0 3 100 0
71 16 83 -12
0 1 21 0
74 4 85 -11
1 6 1 0
2 6 2 0
3 18 3 0
4 14 4 0
7 3 7 0
5 28 5 0
6 28 6 0
10 18 8 2
11 12 10 1
8 22 9 -1
9 23 11 -2
12 22 12 0
15 11 13 2
18 11 15 3
17 26 16 1
20 13 19 1
19 35 20 -1
13 15 14 -1
54 4 37 17
33 10 24 9
0 11 26 0
25 13 22 3
16 5 17 -1
29 11 23 6
14 41 18 -4
26 46 28 -2
57 11 45 12
51 7 36 15
37 7 30 7
28 9 21 7
27 7 27 0
24 20 25 -1
39 9 32 7
34 20 29 5
85 5 66 19
44 16 41 3
32 40 31 1
53 4 54 -1
40 24 38 2
36 39 39 -3
42 17 42 0
43 33 46 -3
23 16 35 -12
30 18 33 -3
49 21 48 1
61 11 53 8
47 9 47 0
38 34 40 -2
31 5 34 -3
55 3 64 -9
71 6 60 11
63 12 56 7
83 4 70 13
77 3 52 25
72 4 59 13
50 9 49 1
69 9 65 4
45 4 58 -13
91 3 85 6
66 10 63 3
86 7 72 14
75 11 68 7
68 8 62 6
67 18 73 -6
97 2 84 13
0 1 87 0
58 17 51 7
46 3 57 -11
81 8 77 4
98 2 86 12
82 8 78 4
88 6 79 9
0 1 89 0
56 15 67 -11
22 2 69 -47
64 12 76 -12
65 18 75 -10
76 12 81 -5
0 10 96 0
59 15 71 -12
0 3 95 0
62 3 74 -12
94 5 91 3
92 12 93 -1
60 3 80 -20
0 2 100 0
99 5 94 5
73 3 83 -10
74 3 88 -14
84 14 82 2
1 5 1 0
2 5 2 0
3 17 3 0
5 13 4 1
6 27 5 1
7 27 6 1
4 2 7 -3
10 17 10 0
11 21 8 3
13 11 11 2
8 22 9 -1
12 21 12 0
15 10 15 0
9 14 13 -4
16 10 18 -2
17 25 17 0
14 4 16 -2
18 40 14 4
23 12 20 3
21 34 19 2
36 8 28 8
28 12 25 3
25 10 29 -4
38 9 33 5
20 19 24 -4
37 6 27 10
29 45 26 3
35 19 34 1
51 6 37 14
34 39 32 2
44 8 39 5
40 17 30 10
19 4 31 -12
27 15 23 4
62 6 51 11
86 3 54 32
32 23 40 -8
41 38 36 5
26 33 38 -12
52 15 44 8
45 16 42 3
39 21 35 4
33 22 41 -8
69 10 57 12
47 32 43 4
55 8 47 8
58 20 49 9
50 8 50 0
46 29 48 -2
60 16 58 2
0 2 77 0
75 10 61 14
72 3 53 19
48 19 52 -4
61 11 63 -2
31 2 46 -15
59 3 45 14
22 3 72 -50
78 5 71 7
73 7 68 5
71 9 66 5
97 2 55 42
77 8 69 8
89 4 85 4
57 14 56 1
76 10 75 1
0 1 22 0
99 3 83 16
56 14 59 -3
93 6 86 7
68 17 67 1
43 2 62 -19
70 17 65 5
65 11 64 1
82 7 81 1
85 7 82 3
92 5 88 4
42 2 60 -18
63 11 76 -13
79 13 84 -5
53 2 73 -20
0 1 97 0
0 2 91 0
0 1 98 0
49 2 74 -25
54 2 78 -24
0 4 94 0
91 11 92 -1
0 4 99 0
80 17 90 -10
