-0.08179423 -0.35613098 1.42777005 -0.62017476 2.75844312 0.57317717 0.99228229 1.72123183 0.17876958 -0.59928933 -0.47978429 0.30965048 -0.49834318 3.34770722 -1.82641821 -5.26311278 0.32706626 0.10004579 -4.14164869 -0.05718258
-0.63886367 -0.45160357 1.14024073 -0.61224991 2.20271539 -0.26938841 2.07073194 1.53343844 -0.00245898 1.09339336 -0.81732234 -0.55036376 -0.01572555 0.32344607 -0.90108451 -3.45537305 -0.01497022 0.29766304 -2.38599826 -0.63243638
-0.94530937 -0.95159109 0.89307479 -0.72294089 2.70919545 -1.75659938 1.50074560 1.80780604 -0.59042162 -0.88866809 -0.65666069 0.32730293 -0.38657706 -1.72578407 -1.14418639 -2.71814121 0.05446233 -0.21559294 -1.64599222 -0.01182035
-0.40910907 -0.84195930 1.12826098 -0.84799629 0.77978437 -0.79103785 2.32540597 2.13826840 -0.68582430 -1.04464401 -1.11130434 -0.27318767 -0.37936893 -2.18079550 -2.49209365 -1.81011485 -1.05029618 -0.67702086 -0.91907794 -0.37038739
-0.72534905 -0.48424074 1.80104720 -0.14016059 0.47303386 -2.19613115 1.87890687 2.00158214 -0.45581275 -0.49753210 -0.92767642 -0.01666201 -0.36743752 -2.46709779 -1.32947997 -1.12377805 -0.38133224 -0.76017915 -1.23679554 -0.67510509
-0.33567056 -0.76801797 2.09942349 -0.90289308 -1.98761409 -0.82419288 2.33027533 0.62092085 -0.14854476 -0.09876354 -1.07054714 -0.59610616 -0.21245693 -1.50364570 -0.11927830 -1.57140919 -0.69001912 -0.43928521 -1.74943779 0.26610527
-0.01530016 -0.42066968 1.93026005 -0.32788237 -0.83260234 -1.22965887 2.03327550 1.14799851 -0.22175756 -0.12912087 -1.14500874 -0.10354779 -0.77344811 -2.23263287 -2.18503824 -1.06295739 -1.09531734 -0.13212328 -0.87299939 -1.14614779
-0.78928924 -0.64602948 2.27251173 -0.16001848 -3.03622017 -1.49907578 1.32533507 1.57214739 -0.19870470 -0.09809606 -0.84182143 -0.47861371 -0.14889549 -1.38519921 -0.68130023 -1.10038750 -1.02669241 -0.44344381 -1.38472880 -0.21998737
-0.65050970 -0.08541373 1.26724378 -0.78569371 -2.77269636 -1.05458646 1.15914142 1.26687637 -0.45695895 -0.08620166 -1.06818845 -0.16178011 -0.57110433 -1.13177937 -2.08735448 -0.52850692 -0.55934759 -0.52098043 -1.05835234 -0.53402567
-0.21545608 -0.11960424 2.21850033 -0.27136958 -3.03978159 -1.76233765 0.96741431 1.20049040 -0.58303497 -0.58190102 -0.74789054 -0.65017890 -0.32530603 -1.34691666 -1.28112487 -0.47799335 -0.76502536 -0.55103812 -1.01059156 -0.15250105
-0.08579178 -0.07437655 1.53609501 -0.69962991 -3.22768589 -1.24637430 1.27419666 1.33546034 -0.47318531 -0.26453617 -0.58628491 -0.27612638 -0.37877437 -0.72425880 -0.62885339 -0.92610472 -0.66546116 -0.97764142 -0.32229134 -0.85011782
-0.15361169 -0.10298637 1.73169498 -0.40004993 -2.98220787 -1.03548791 -0.22922263 1.39474242 -0.50053882 -0.67040505 -0.21707018 -0.19013290 -0.69054241 -1.03786982 -0.55625992 -1.16311510 -0.36735125 -0.89836551 -1.50444271 -0.23111737
-0.54961078 -0.36110668 1.31987778 -0.86746800 -2.56117182 -1.02736974 -0.43145641 1.56048518 -0.46379956 -0.33238342 -1.19456165 -0.26058611 -0.72516904 -0.29070367 -0.54203691 -1.06525891 -0.68275039 -0.14620335 -0.54460547 -0.45777110
-0.09910282 -0.02832727 1.74141415 -0.11564561 -2.46129351 0.15066494 -1.18761077 1.18876676 -0.63733206 -0.94517214 -0.59737340 -0.70937259 -0.68784416 -1.19542212 -1.46233078 -1.07354993 -0.63819488 -1.00097195 -0.88394731 -0.43796509
-0.66491364 -0.83459839 1.40275136 -0.42758916 -2.48497058 0.19811752 -0.60189297 0.82479145 -0.63406798 -0.84707078 -0.74917733 -1.13768796 -0.78647751 -0.87565006 -3.15887581 -0.62597133 -0.29580130 -0.47881543 -0.60911330 -0.96079025
-0.52361574 -0.39615619 1.36023250 -0.76557473 -2.23107988 -2.15505230 -1.50575888 1.44608094 -0.88513754 -0.47231583 -0.91847169 -0.15162914 -0.64993167 -0.88747435 -1.53940656 0.08696768 -0.56029589 -0.20522263 -0.46051632 -0.39271986
-0.00592942 -0.17379556 0.87769127 -0.25996234 -2.56949939 0.39707972 -0.60277469 1.19454912 -1.18632494 -0.55368369 -1.10388165 -0.63761508 -0.14403877 -0.93572545 -2.64812705 -0.44471025 -0.42014217 -0.84827998 -0.19604970 -0.63308922
-0.82215759 -0.89950457 2.44560509 -0.90290874 -1.31950729 -0.64695461 -1.19596803 0.41688943 -0.64350329 -0.23533298 -0.83307808 -0.59205732 -0.46946204 -0.68019324 0.01555113 -0.76164445 -0.13379797 -1.00962811 -0.65120170 -0.90405522
-0.34673510 -0.96712820 1.33300767 -0.96611802 -1.68220839 -1.54103442 -1.44360597 0.55116312 -0.69601394 -0.82257007 -0.92970187 -0.22783657 -0.04142004 -0.29057277 -1.52694370 0.05102004 0.06832022 -0.45488698 -0.70676861 -0.65800366
-0.84592874 -0.16511818 0.85060359 -0.70507821 -1.39734924 -0.28137673 -2.20974650 0.59108015 -0.54507718 -0.66537570 -0.29563104 -0.71630424 -0.51342190 -0.99510752 -2.23700858 -0.70792990 -0.35997500 -0.19718002 -0.98597822 -0.54802417
-0.63964928 -0.11843722 0.73401179 -0.27944900 -1.30278294 -0.64799200 -2.71068183 0.77467522 -0.64565130 -0.66701212 -0.82372974 -0.31103698 -0.52103193 -0.94614826 -1.58900604 -0.20694814 -0.28424485 -0.38671264 -0.38282282 -0.98824954
-0.87819803 -0.75068860 1.45484570 -0.79509708 -1.18485319 -0.57321925 -2.07679447 -0.14871932 -0.34888515 -0.73882793 -0.66206916 -0.68885166 -0.89071718 -0.33234256 -1.45834375 -0.56587770 -0.53068555 -0.86775628 -0.64260476 -0.04650431
-0.14857961 -0.38335490 1.44836612 -0.06784263 -1.12121286 0.17147017 -3.14690766 0.61090180 -0.79613357 -0.60286244 -0.20607678 -1.08578533 0.02564756 -0.70286225 -0.73816461 -0.14478375 -0.57762635 -0.78081177 -0.88146133 -0.88838712
-0.47341983 -0.24770208 1.17747814 -0.51203536 -1.55526266 -0.53087856 -1.58312198 -0.24556949 -0.17092695 -0.75823459 -0.74683562 -0.63582377 -0.19236331 -0.96290252 -2.20205080 -0.32506615 -0.64852529 -0.48997136 -0.06028563 -1.01853450
-0.94231719 -0.45842953 1.32723720 -0.95659174 -1.05162280 0.18489065 -3.19981404 0.17428868 -0.63101214 -0.97248791 -0.82008997 -0.42136316 -0.11640181 -0.58290731 -1.06009559 -0.19297560 -0.99956548 -0.72455501 -0.34381101 -0.91594810
-0.10922674 -0.78235995 1.33509048 -0.67944378 -0.94903087 -0.21464679 -3.06392227 -0.27254054 -0.65669512 -0.21196580 -0.72812922 -0.13680298 -0.20256286 -0.98440167 -2.41794063 -0.27045480 -0.72647525 -0.49736939 -0.67938343 -0.75191457
-0.29104976 -0.17808030 0.95273034 -0.73785558 -1.58838855 -0.62399803 -1.61574151 -0.15272640 -0.73829759 -0.14502726 -0.71244912 -0.12374716 -0.24130166 -0.68100608 -1.81804515 0.37273210 -0.88121941 -0.84816488 -0.32860067 -0.63283919
-0.81891750 -0.24858264 0.84538399 -0.32569835 -1.05125149 -1.24507374 -2.67602909 0.16809867 -0.24090059 -0.38249098 -0.84828059 -0.14865290 -0.00193392 -0.82826917 -2.11545690 -0.37305616 -0.04277725 -0.69225721 -0.34324725 -0.57114031
-0.88528553 -0.07307529 0.86835461 -0.43869567 -0.99585144 0.89018641 -3.12651227 0.02238586 -0.63203435 -0.71603578 -0.72104893 -1.03502403 -0.15942406 -1.30605622 -1.46391342 -0.42761146 -0.56546572 -1.10126996 0.02923189 -0.94573995
-0.43729770 -0.23752000 0.92289770 -0.41823829 -1.23505750 1.02085086 -2.17381308 -0.84090911 -0.56127189 -0.95723873 -0.50074004 -0.86678162 -0.54399011 -0.77312544 -1.53302384 -0.02803800 -1.14272746 -1.42487767 -0.22084678 -0.56093507
-0.23670477 -0.46112617 0.98037406 -0.18901626 -1.07097559 -0.03207235 -2.24410202 -1.15334283 -0.61884911 -0.28099131 -1.11749591 -0.24916088 -0.05087962 -0.82194545 -1.97767291 -0.35481100 -0.71609122 -0.14458190 -0.29715641 -0.72855325
-0.82714985 -0.68765781 0.83301126 -0.64533388 -1.08631470 -0.04748853 -2.63315868 -0.65346172 -0.75468877 -0.30363773 -0.85022219 -0.63649470 -0.63228974 -0.81665164 -2.05138224 -0.01933591 -0.31360755 -0.65024959 -0.01856473 -0.96315782
-0.53284430 -0.06874718 0.46246008 -0.20315888 -1.13512968 -0.29488424 -1.78535904 -0.46634548 -0.51440702 -0.03732478 -0.68761017 -0.89688594 -0.09982419 -0.90672547 -1.65374118 -0.08456625 -0.13673810 -0.47013502 0.02181494 -1.07467200
0.02303765 -0.90080379 0.53467099 -0.02408912 -1.37588903 -0.27367462 -2.08258879 -0.86335158 -0.77932313 -0.17608708 -0.64022575 -0.90357978 -0.02010061 -0.42297867 -1.70496382 0.26761343 -0.61430676 -0.35721599 -0.31791530 -0.52504136
-0.77607617 -0.01292952 0.11785608 -0.86626127 -1.21135192 0.25548322 -1.63917138 -1.32156252 -0.19498147 -0.47066349 -0.35670786 -0.29332370 -0.16952899 -1.08719971 -2.15814743 -0.47052299 -0.66554012 -0.81948082 -0.46026920 -0.74340279
-0.55836413 -0.00234862 0.44341121 0.01310483 -0.87970247 0.12643983 -1.76248609 -1.20161095 -0.84836746 -0.18581520 -0.72167816 -0.74562470 -0.61681082 -0.74774381 -2.07121499 0.19696603 -0.80263686 -0.56224764 -0.30176027 -0.24005342
-0.07778047 -0.79394645 -0.06093048 -0.07185008 -1.01933685 -0.61894489 -3.01537699 0.35841051 -0.29124440 -0.74999983 -0.97610046 -0.56070122 -0.00918832 -0.65454515 -1.64222982 -0.13330580 -0.62981139 -0.83572234 0.25031758 -0.26965908
-0.27746806 -0.72483453 0.87568435 -0.74263257 -0.90029581 0.44361498 -2.22021010 -1.10550692 -0.63431433 -0.27078328 -0.69003569 -0.62036279 -0.77782515 -1.19270316 -1.26116467 0.18046069 -1.07975091 -0.80837519 -0.36154614 -0.76477384
-0.80449379 -0.63585616 0.49356884 -0.12547502 -0.69255552 1.16355870 -0.96196928 -1.48924256 -0.94108384 -0.68139287 -0.57562028 -0.78146068 -0.31420951 -1.27317642 -1.26631487 0.02382086 -0.50007031 -0.81074235 -0.83262072 -0.80733110
-0.40019417 -0.50935306 0.71506823 -0.37075820 -0.54553948 -0.32647968 -1.77750509 -1.98628657 -0.73818542 0.01204495 -0.86624296 -0.60625429 -0.52501671 -0.58685925 -1.26886643 -0.28217308 -0.51580298 -0.74777430 0.06464079 -0.12969787
-0.58718982 -0.78978470 0.58880676 -0.62945272 -0.54944265 0.33028110 -1.75764823 -1.77851977 -0.57472463 -0.62703620 -0.94183271 -0.78775123 -0.56497036 -0.83739706 -0.96824878 -0.27323337 -0.44199657 -0.67154027 0.08257004 -0.85973628
-0.72044720 -0.06716049 0.61404665 -0.01914018 -0.77671381 0.32509416 -1.22724800 -2.25592708 -0.67180462 -0.94648011 -0.66872565 -1.01023075 -0.31667219 -0.62904618 -1.02887431 -0.21441434 -0.47736491 -0.41592647 -0.33390313 -0.65581752
-0.81558508 -0.60910162 0.20883425 -0.24338411 -0.81146054 -0.21678696 -1.26128691 -2.19025087 -0.59315393 -0.70911924 -1.08509786 -0.58610777 -0.92230856 -0.75582055 -1.34698631 0.30490840 -0.89066739 -0.33348446 -0.30544410 -0.22147760
-0.82094968 -0.89363324 -0.44331738 -0.17185670 -0.97916402 1.24712060 -1.53677030 -1.76395663 -1.06800537 -0.57735407 -0.66074286 -0.42653516 -0.87563159 -0.98842072 -1.83961797 -0.54463372 -0.43058278 -0.68531014 -0.43893675 -0.52385818
0.02776861 -0.14351713 0.17688801 -0.05141896 -1.23318133 0.91375378 -1.90005565 -1.38921244 -0.36346530 -0.48787137 -0.70664932 -0.40730642 -0.50057562 -0.91392888 -2.31655848 -0.32659182 -0.96941437 -0.75791428 -0.50217261 -0.62514595
-0.82329794 -0.88419376 0.58857062 -0.73314543 -0.80395924 0.09318127 -1.26645275 -3.00226158 -0.39453867 -0.02677127 -0.44272508 -0.98666223 -0.41975660 -0.78962106 -1.27182971 0.23745540 -0.95429597 -0.60406065 -0.48588283 -0.49077396
-0.64017072 -0.08839438 -0.20823397 -0.20735536 -0.69819920 0.86173786 -1.68778634 -2.06611914 -0.95963807 -0.28365750 -0.26802612 -0.56763681 -0.17976418 -0.86479273 -1.29027746 -0.39504338 -0.80087389 -0.66458768 -0.56591903 -0.38853651
-0.45418999 -0.36101189 -0.09035217 -0.12269996 -0.85607058 0.51444153 -1.35232830 -1.55884084 -0.28157835 -0.02711637 -1.00607364 -0.87122405 -0.88461588 -0.96796953 -0.86942754 -0.47516974 -0.62886623 -0.98320905 0.04254700 -0.25932656
-0.92279672 -0.49190438 0.69768353 -0.01773289 -0.40933256 0.89013545 -1.17362612 -2.66336762 -0.51268646 -0.54362818 -1.13649241 -0.47161528 -0.26355700 -1.17748998 -0.79019640 -0.04932144 -0.80291944 -0.68280084 -0.62962513 -0.80588784
-0.15129166 -0.92404582 -0.66456705 -0.12776993 -0.53172866 1.23475315 -1.33351212 -2.41282662 -0.43991654 -0.55557719 -1.22526530 -0.41694234 -0.74444476 -0.70804650 -0.79270538 -0.49358156 -0.71169313 -0.78845860 -0.43759456 -0.45461485
-0.68319898 -0.09387427 -3.50894577 -0.85422438 -0.79898772 2.28939665 -0.93810603 -1.58225378 -1.17508519 -0.13149127 -0.69877516 -0.37347657 -0.60119769 -1.14516338 -0.66982664 -0.58332058 -1.27587508 -0.58780309 -0.28958909 -0.80067056
-0.77393571 -0.22565202 -2.59423837 -0.64213170 -0.30277997 0.25235515 -0.52605531 -0.32138163 -0.05410019 -0.09904872 -0.64940744 -0.75423726 -0.22667725 -0.67847037 -0.65716744 -0.12180318 -0.83883809 -0.67840428 -0.01176613 -0.86232210
-0.66283225 -0.95694070 -2.27864144 -0.38819036 -0.81266552 0.58358580 -0.96115784 -1.15060840 -0.56531991 -0.71312994 -0.84253817 -0.78202708 -0.70342420 -0.64250229 -0.64619560 -0.85339426 -0.17980755 -0.40220696 -0.22776651 -0.39913327
-0.88672400 -0.49712805 -2.76287089 -0.29813226 -0.66393579 0.04719840 -0.76663513 -0.76059982 -0.48832663 -0.82683535 -0.52273726 -0.32618173 -0.04415581 -0.82538640 -0.59164229 -0.57914920 -0.78426363 -0.29322296 -0.47338557 -0.34465511
-0.53779137 -0.87823724 -2.55313477 -0.59629540 -0.89573237 1.11469730 -0.85376167 -0.96329608 -0.70402445 -0.88832002 -0.95828520 -0.73396096 -0.74872026 -1.06950566 -0.45988145 -0.26548595 -0.86277936 -0.35330027 -0.59188570 -0.32846797
-0.30896297 -0.39712694 -2.38616779 -0.44036525 -0.26928371 0.59370248 -0.68353487 -2.00503506 -0.74687514 -0.29461582 -0.22730547 -1.00130098 -0.06893521 -1.14209163 -0.70106768 -0.11208731 -0.73043251 -0.92711731 -0.22810528 -0.22669025
-0.14389855 -0.34957899 -2.05526206 -0.37963113 -0.88232888 -0.07973561 -1.08602087 -1.88672098 -0.67093591 0.01563931 -0.46307401 -0.87928377 -0.87263478 -0.75836940 -0.66160166 -0.10397755 -0.63492973 -0.06225813 0.13364606 -0.89952885
-0.57074833 -0.51617725 -3.44038518 -0.18927577 -0.57173019 0.78597923 -1.00462789 -1.32402163 -0.96475595 -0.15579695 -0.73884326 -0.30149988 -0.59234499 -0.46144024 -0.39213619 -0.53304198 -0.09534267 -0.40525061 -0.46507670 -0.98404314
-0.73849217 -0.83262328 -2.36711809 -0.07406359 -0.22758712 0.15954794 -0.91068810 -1.37910932 -0.55313053 -0.61369745 -0.85474557 -0.12468178 -0.56104706 -0.34252822 -0.11227955 -0.03735761 -0.66358793 -0.75318388 -0.28243845 -0.85568638
-0.84756242 -0.14083323 -2.79584364 -0.37927939 -0.82935555 0.25890485 -0.70574333 -1.10321574 -0.79127241 -0.09638958 -0.37873149 -0.09539847 -0.69362614 -0.49254685 -0.57392020 -0.21785449 -0.72995176 -0.61630144 -0.54219996 -0.55382043
-0.22457107 -0.36344991 -2.72167274 -0.96187375 -0.37927039 1.05231892 -1.03219200 -0.65231456 -1.11683154 -0.13312957 -0.30001832 -0.38847292 -0.60041836 -0.73511894 0.18744804 -0.30746171 -0.81607767 -0.71339795 -0.33899101 -1.19971553
-0.42879597 -0.61200208 -2.64815345 -0.01115721 -0.70803735 0.86469418 -0.69049901 -0.79169656 -0.81743222 -0.28815462 -0.77335550 -1.07548579 -0.49684480 -0.96122710 -0.13547139 -0.04347349 -0.51959361 -0.61413782 -0.25103460 -0.66721306
-0.26548754 -0.04753119 -2.45914658 -0.80256681 -0.82163308 0.68810483 -0.41144519 -0.93974764 -0.47343305 -0.88749463 -0.99759052 -0.63166566 -0.84269606 -0.96547498 0.21488993 -0.55686068 -0.57570554 -0.59909675 -0.57901139 -0.43540229
-0.28731439 -0.29051787 -3.13904833 -0.61160188 -0.46135498 0.50770204 -0.73626927 -1.12956322 -0.69977127 -0.23734171 -1.07855035 -0.37616763 -0.42900120 -0.82391504 0.25264243 -0.33699204 -0.37065309 -1.08915636 -0.36706965 -0.33762122
-0.31595032 -0.04605855 -3.78963947 -0.69312496 -0.14199131 0.34115553 -0.66528480 -1.05159785 -0.35060017 -0.00407918 -0.25886839 -1.10708135 -0.87716320 -0.59784049 0.34882649 -0.08829983 -1.14967203 -0.40623225 -0.41315446 -0.75701076
-0.61952097 -0.62450482 -3.26402640 -0.05894489 -0.30732941 -0.02568612 -0.70934406 -1.38147204 -1.23384214 -0.09240168 -0.50351460 -0.93336332 -0.15109603 -0.88399769 0.40763593 -0.12240474 -0.28379285 -0.74053124 -0.12662514 -0.37297807
-0.44829977 -0.60580211 -2.99262308 -0.51497912 -0.45336917 2.45967559 -0.48782246 -1.43722917 -1.31361829 -0.79246576 -0.84681787 -0.98565390 -0.14754059 -0.52635456 0.57458245 -0.32292250 -0.44314822 -0.44454994 -1.13590995 -1.34307604
-0.96108630 -0.66623863 -3.60197839 -0.67728591 -0.66559563 0.48496660 -0.64592616 -1.24092578 -0.60042151 -0.33443322 -0.98692608 -0.34574864 -0.09683747 -0.06808586 0.59550182 -0.55132805 -0.65754795 -1.00312039 -0.70822276 -0.13030094
-0.68177028 -0.07101157 -2.73294385 -0.04770161 -0.87613370 0.11391871 -0.56211488 -1.54840269 -0.68115036 -0.81723717 -0.57178243 -0.94281107 -0.78254812 -0.58425103 0.49120520 -0.22480678 -0.15097384 -0.78298284 -0.20067315 -0.99008822
-0.45000152 -0.11483714 -3.55089005 -0.96008289 -0.75769552 -0.05692983 -1.05469824 -1.54396216 -0.59166235 -0.93136774 -0.73959152 -0.44229771 -0.65302838 -0.67766472 0.33343330 -0.50394145 -0.37706472 -0.58715423 -0.27803526 -0.72651733
-0.68013875 -0.84594686 -3.25618659 -0.16610325 -0.16810851 0.29777182 -0.42582670 -1.03237618 -0.98050597 -0.70363219 -0.73844941 -1.07893213 -0.50650684 -0.99573173 0.83464936 -0.47848372 -0.29787335 -0.62068970 -0.55639731 -0.29401270
-0.82372359 -0.34674871 -3.37646070 -0.53712825 -0.97488533 0.98674721 -0.73528885 -1.01775369 -0.92727654 -0.58640651 -0.89677407 -0.49764508 0.04130532 -0.96739991 0.63718129 -0.69734500 -1.12402268 -1.04630361 -0.03782845 -0.29365895
-0.67716031 -0.03062755 -3.15959325 -0.53588055 -0.54517554 0.22774251 -0.94065176 -1.42915938 -0.84365325 -0.96163145 -0.40470348 -0.55802966 -0.62656121 -0.18901133 1.16736069 -0.63134550 -0.81452829 -0.91461893 -0.80421104 -0.23726198
-0.87837005 -0.29484095 -2.07543839 -0.95976233 -0.49924326 0.27840315 -0.36345693 -1.32475648 -1.30834240 -0.17670017 -0.39104150 -0.46741986 -0.27838551 -0.25132403 1.37640957 -0.61555062 -0.77554725 -0.83080278 -0.39330450 -0.65064901
-0.44683295 -0.15063687 -2.87630393 -0.14600972 -0.77566285 -0.04349700 -0.30262876 -1.12017795 -0.82045794 -0.39682783 -0.13706866 -0.99978723 -0.86503889 -0.44090952 0.81581905 -0.09176305 -0.50994779 -0.41553041 -0.74480710 -0.99390894
-0.34197971 -0.56926771 -3.02291583 -0.59988745 -0.41229822 -0.22081316 -0.42942014 -1.01063802 -0.36025403 -0.24817632 -0.78135163 -0.57842679 -0.66076201 -0.68094211 0.54121846 -0.43657183 -0.44085020 -1.06876617 -0.29869944 -0.37850538
-0.96611437 -0.50295863 -3.00252074 -0.12753753 -0.85224320 -0.12094812 -0.82601876 -0.82434176 -1.12828898 -0.89243685 -0.08914454 -0.54674695 -0.53089605 -0.39053361 1.30151895 -0.82557817 -0.84224240 -0.83388526 -0.30765791 -0.50323825
-0.12050242 -0.05103363 -3.23850898 -0.39237022 -0.63047258 0.88029936 -1.01121913 -0.78931784 -1.03664256 -0.42894287 -0.62393182 -1.11137005 -0.78047293 -0.53328497 1.30343229 -0.41779907 -1.22659084 -0.44817328 -0.64046609 -0.39915407
-0.41354170 -0.89398687 -3.04334813 -0.11663834 -0.32011224 -0.12771817 -0.78522202 -0.89189619 -0.53203282 -0.38331143 -0.81089484 -0.75603398 -0.70045162 0.07109752 1.75310504 -0.82371975 -0.46621607 -0.85370007 -0.28267397 -0.92226105
-0.31592562 -0.60751629 -3.32286013 -0.05868848 -0.10376840 -0.39532054 -0.96342154 -0.69947483 -0.56822919 -0.22655541 -0.99895143 -0.48891393 -0.70811375 -0.23879294 1.21259692 -0.29302338 -0.92603188 -0.56035731 -0.16125710 -0.72902024
-0.87697911 -0.85015395 -3.31011312 -0.79849710 -0.88449338 -0.22563124 -1.04776068 -1.11628445 -0.61894767 -0.00451681 -0.75227119 -0.52212652 -0.90548696 -0.03941885 1.31452327 -0.44615377 -0.68502801 -0.63926567 -0.77281890 -0.56544403
-0.70881408 -0.04400479 -2.80513279 0.01504577 -0.97982209 -0.12920997 -0.55387393 -0.89901586 -1.08344981 -0.65043281 -0.95536701 -1.12362328 -0.14847607 -0.12482113 2.78707211 -0.30970062 -0.80665073 -0.60453520 -0.56811048 -0.94071087
0.01921129 -0.95057352 -1.30097547 -0.03989282 -0.64814672 -0.31489193 -0.56208394 -1.44407158 -0.48552274 -0.72370791 -0.87586876 -0.37361754 -0.04554891 -0.40753815 1.94000478 -0.64874956 -0.28821943 -0.85695302 -0.71921028 -1.24477534
0.02200560 -0.51424784 -2.81540625 -0.33030446 -0.34260264 -0.91913472 -0.32559356 -0.78522385 -0.41458042 -0.01452107 -0.56000857 -0.36493681 -0.55249533 0.03094405 1.46034402 0.08034260 -0.89434174 -0.92644241 -0.71015247 -0.81362762
-0.57237590 -0.02404206 -2.88573536 -0.32384382 -0.48022102 -0.47278221 -0.87248658 -1.10484054 -1.14733071 -0.26503640 -0.46816330 -0.74781351 -0.23021653 -0.44353732 1.59429674 -0.12779198 -0.53017135 -0.81346445 -0.55043779 -0.70737781
-0.03257594 -0.11573774 -3.05785193 -0.41677464 -0.19071625 -0.87541550 -0.57297373 -0.82507412 -0.89415819 -0.06064468 -0.19917090 -0.69420185 -0.08150826 0.36257712 1.45799687 -0.78858934 -0.70729965 -0.34671023 -0.18971001 -0.82264368
0.00956430 -0.72952492 -1.39155119 -0.01782431 -0.22157113 -0.20977187 -1.12281572 -1.19061435 -1.12218959 -0.68304810 -0.43040901 -0.63415392 -0.48790276 -0.33482214 1.69846450 -0.53990765 -0.80521418 -0.74364243 -0.65926553 -0.58427764
-0.71683457 -0.32431930 -2.30735506 -0.96824369 -0.32621046 0.28628755 -0.65656220 -1.02299190 -1.00102302 -0.06521939 -0.49496488 -1.01250564 -0.17929463 -0.90974903 1.63283424 -0.83920200 -0.66091819 -0.99232915 -0.31882880 -0.52620406
-0.44384218 -0.32228800 -2.15158424 -0.16422380 -0.43985861 -0.43503387 -0.82722799 -0.98525211 -0.44837048 -0.79375386 -0.48942721 -0.24304582 -0.79875209 -0.10970777 1.17588930 -0.38329423 -1.11152795 -1.00552058 -0.01329495 -1.10496296
-0.59541430 -0.36058613 -1.65954373 0.00950129 -0.86140754 -0.51262025 -0.49435617 -1.13142934 -0.95251348 -0.48754997 -0.50222935 -0.78497038 -0.48178578 -0.06234856 2.60854920 -0.62047368 -0.75805715 -1.23893240 -0.37511164 -0.81409669
0.01229070 -0.75759279 -1.59559298 -0.07623649 -0.43743578 -0.07063686 -0.77203380 -0.84169212 -0.71597584 -0.77851864 -0.68047398 -0.69274746 -0.93497572 -0.51368809 2.82268741 -0.59167146 -1.57853304 -0.66497708 -0.96524871 -0.75480528
-0.78036990 -0.53992620 -2.90472595 -0.37726884 -0.57354486 -0.35139504 -0.57684326 -1.06265211 -0.88527591 -0.86556316 -0.75690519 -1.02668547 -0.39154182 0.02661518 1.36536420 -0.71475124 -0.65105868 -0.47822165 -0.38705696 -0.26618687
-0.02758472 -0.11123130 -2.30008618 -0.50322681 -0.35534883 -0.63014208 -0.15686867 -1.12418275 -0.69062362 -0.17294711 -0.70652611 -1.32835909 -0.73203448 -0.29240966 3.42532530 -0.91003953 -0.65924377 -1.24556123 -0.77764457 -0.61419965
-0.32708898 -0.93704265 -1.92869019 -0.63981720 -0.49849133 -0.29076452 -1.00582635 -0.84360427 -0.59325691 -0.11417977 -0.99540934 -0.47641870 -0.12538288 -0.15048398 1.75505557 -0.78370831 -0.85436013 -0.73410713 -0.58869351 -0.80547348
-0.12933996 -0.11084356 -1.51325813 -0.09505078 -0.46881547 -0.79338566 -0.55503642 -0.89122708 -0.89445195 -0.29861472 -0.87097117 -1.07960842 -0.82033758 0.43721168 2.84714539 -0.57438790 -1.16738057 -0.98149472 0.03046997 -0.70261775
-0.81831041 -0.45810287 -0.54143989 -0.10734775 -0.64785263 -1.15499056 -0.39622078 -1.23226711 -1.14591623 -0.89577583 -0.18164516 -0.95318940 -0.38908394 0.24575174 2.95901850 -0.62806396 -1.21377627 -0.57333907 -0.99181040 -0.45134730
-0.39308235 -0.10654598 -2.18088841 -0.72266891 -0.73322548 -0.26961048 -0.17850697 -1.15430335 -0.95309333 -0.63711502 -0.55076703 -0.66032834 -0.52728913 -0.13881322 3.06978020 -1.02945805 -1.18868176 -0.86534361 -0.39798050 -1.33302827
-0.01238222 -0.29944277 -2.15572492 0.00852054 -0.61875725 -0.39075872 -0.45753830 -0.87918658 -1.05401450 -0.87590896 -0.95503411 -0.58463860 -0.31128873 0.01804610 2.86578578 -0.87936179 -0.72336105 -1.05041104 -1.10278933 -0.44809360
-0.54933408 -0.55556593 -1.72069326 -0.02497374 -0.94319006 -0.42294698 -0.77382921 -1.13404434 -0.83512272 -0.15593742 -0.30419910 -0.73524848 -0.71093011 -0.51086763 2.23456012 -0.81799187 -0.78926665 -0.58259433 -0.81659901 -1.15452848
-0.93087412 -0.83494963 -0.42655380 -0.86980805 -0.80812260 -1.10310992 -0.46427681 -1.26682765 -0.80048728 -0.84190222 -0.62029193 -0.79027691 -0.47917588 -0.01249563 2.18412610 -0.23056332 -1.07549238 -0.79114674 -0.70841697 -0.91169112
