-0.03843431 -0.14529831 -46.55107362 0.99828472
-1.68124460 -4.40564652 -3.11773278 1.46379592
-0.68448474 2.43451353 -0.18042830 1.36868479
-3.04333137 0.28270272 -15.74004057 2.22024289
-0.50822987 0.19921600 -0.70752580 0.57036343
1.03952352 1.79605118 -0.38495209 -0.48557971
0.28054463 0.58093693 -1.36994275 0.31662047
-0.39121938 0.95547639 -0.59070102 1.76811192
0.99104334 0.87553823 0.96085906 0.30469499
0.42644875 0.30372423 -19.28110310 1.23343500
1.11463137 0.26235279 0.04657573 0.22936194
0.19238874 0.94853246 1.27537464 0.32811187
-5.60087053 -6.50639325 -39.91650678 3.39512902
-0.46555144 0.15856490 -1.24685242 0.78432815
-0.24831596 -5.93760210 1.34453374 -3.26162174
2.47921508 2.21621168 2.55288597 0.14521672
0.23740854 1.10795281 0.92510717 0.46827746
0.97196944 0.95567411 1.21511858 0.12670865
0.87333936 0.01555271 0.68737965 0.14631528
0.96527049 0.66242930 0.99491793 0.58351098
